7,12,23,40,50,51,52,53
333,694
507,939,940
40,146,152,219,497,525
220,663,710
431,639,719
47,71
182,372,1138
187,188,189
580,687,740,970
431,505,746
91,308,337,387,422,502,529,532,561,605,618,634,713,744,769,932,1009,1103,1126,1152,1218
78,129,288,384,471,627,735,1032,1063
665,767
188,267,500,763,931
12,14,16,19,40,48,57,86,94,112,122,125,126,152,180,212,298,299,301,302,361,377,382,391,402,437,461,467,469,508,509,515,540,547,553,555,611,614,678,679,697,723,732,794,810,827,829,830,846,861,905,944,989,1018,1050,1055,1074,1139
507,586
238,709,960
108,136,284,418,626,709,803
54,127,170,286,306,362,526,527,569,577,734,877,920,1091
372,642,782
152,247,311,423,564
371,372,553
10,64,190,291,395,421,480,532,604,667,890,907,1009,1010,1070,1073,1100
10,55,81,104,153,205,225,227,258,273,289,351,355,481,562,563,599,604,618,691,714,769,770,771,772,773,774,775
172,266,350,420,1066
183,1047
139,488,585,1155
118,120,131,245,381,396,483,516,534,535,584,668,715,742,770,774,854,923,934,1005,1071,1101,1126
152,394
138,229,333,357,609
99,152,558,662,787,806,923,1000,1066,1095,1148
2,155,195,196,197,314,413,564,639,719,975
441,821,941
40,65,171,245,258,316,336,381,398,445,535,633,693,717,742,810,814,1100
431,721
106,107
270,386
106,436,528,736,964,965,1034
249,821
372,598,1215
14,42
0,12,16,21,33,40,87,93,96,109,124,125,144,151,162,167,168,180,202,216,217,399,402,406,423,457,469,508,542,556,574,591,615,624,673,702,707,708,727,754,776,784,785,789,796,797,798,799,810,827,912,954,956,983,984,995,1021,1053,1074,1075,1082,1132,1137,1165
14,24,37,48,50,53,92,158,215,217,236,298,317,347,358,368,459,465,469,547,591,614,620,622,652,674,675,678,728,731,757,776,897,951,1050,1054,1075,1083,1113
270,602,603
505,669,779,858,1154
78,526,527
150,206,851
237,324,680,1026
14,205,446,685,763,1149
40,65,91,316,336,337
230,379,640,977
643,783,863
152,663,1087
108,135,418,497,525
47,81,103,152,207,330,430,533,559,563,583,604,620,668,689,691,692,907,933,1125,1129,1202
30,247,274,314,1154
152,1180
20,135,136
40,47,291,387,503,532,533,692,812,854,1098
56,194,201,227,272,395,396,397,398
40,175,251,586
106,152,1011,1192
0,9,13,18,19,20,37,46,52,84,85,92,103,123,152,166,198,211,216,217,221,278,282,343,382,391,466,540,543,575,590,659,660,673,703,731,776,792,793,798,866,906,907,954,984,988,990,1015,1020,1058,1076,1077,1083,1161
150,500,664,711,967
759,802
65,153,192,291,328,329,381,388,481,562,604,605,607,634,635,693,772,813,887,1004
136,152,237,284,325,470,960,1028,1088
197,313,780,819
431,539,1047,1049
102,271,447,448,449
40,41,42
56,152,225,351,352,353,354,355
61,434,435
14,477,559,711,763,764
436,858,917
209,332,640,1012
7,14,15,47,51,58,59,70,77,85,88,152,156,181,199,211,212,281,299,301,335,342,359,368,372,407,461,466,509,510,550,572,575,614,619,649,658,674,723,753,786,861,865,868,873,901,910,917,947,956,1021,1116,1134,1169
31,171,240,362,378,409,681,848,1093
2,8,22,162,215,218,298,427,459,495,509,657,677,793,835,840,845,896,897
137,216,559
229,609
5,10,64,176,226,289,292,353,388,395,481,584,597,636,688,772,776,813,855,1010,1195,1209
9,51,84,121,152,160,162,200,213,218,232,369,399,423,432,465,473,494,495,510,542,552,561,569,572,587,591,596,597,615,649,650,699,731,750,752,789,795,835,865,868,896,903,946,949,953,954,956,985,994,996,1020,1024,1141
2,38,40,52,72,83,95,152,160,162,212,213,255,279,282,302,334,343,361,369,464,469,545,548,615,657,660,702,722,776,791,825,826,908,944,952,954,957,958,989,1016,1021,1024,1025,1055,1057,1107,1133,1141
20,108
40,175
473,936,1154
47,120,133,173,329,353,375
105,152
223,224,428,662,663
783,1048,1178
55,56
12,20,53,58,60,74,77,96,110,123,126,152,161,162,177,216,218,253,254,259,298,318,321,380
107,332
363,685
187,476,559,925
275,564,719,746,818
47,65,120,201,226,351,387,411,421,597,688,689,690,691,692,693
423,559
147,148
2,22,33,73,88,94,152,180,200,216,279,297,316,341,380,405,406,407
939,940,1193
283,960,1026,1088
3,13,19,40,45,46,134,151,152,159,214,216,221,231,261,282,317,320,335,338,372,382
135,220,383
626,680,709,803
20,46,76,83,124,152,162,180,221,334,335
64,65,66
229,230,938,977
148,841,846,1000,1173
0,12,33,45,49,57,72,145,167,213,255,259,277,280,282,316,358,359,360,361,369,372,433,442,457,458,465,495,512,516,533,540,553,561,567,572,590,608,614,617,647,657,704,708,724,728,731,776,804,845,861,907,914,944,945,946,947,948,949,950,951,952,953,954,955,956,957,958,959
149,410,851,852
251,1045,1229
147,204,222,528,558,629,630,663,841
106,499,683,858,880,917,923,1001
501,560,765
101,969,1003,1124
3,4,20,24,37,40,95,141,142,181,198,217,221,257,259,277,297,335,358,360,401,417,433,438,515,544,554,570,590,613,656,658,672,786,797,799,832,842,845,865,869,872,907,950,951,1013,1075,1084,1110,1132,1162
14,19,23,38,39,45,47,67,92,109,152,161,164,177,213,236,255,278,279,368,416,458,514,516,551,557,574,595,623,659,660,704,707,730,776,826,839,841,870,899,901,907,914,981,1021,1054,1059,1076,1077,1134,1140,1170
103,176,226,244,291,351,352,353,389,411,488,529,607,770,772,810,813,933,981,1007,1038,1152
370,598
538,644,1049
146,325,383
79,183,184,245,304,599,735,878,894,921,1063
4,7,17,47,51,64,67,77,83,89,90,92,111,113,122,141,152,157,159,161,181,317,335,340,423,461,463,470,514,545,547,618,622,624,650,653,655,656,673,674,706,723,750,757,776,784,785,786,787,788,789,790,791,792,793,794,795,796,797,798,799,800,801
40,246,586
16,19,22,23,60,72,109,141,152,157,161,162,167,177,180,218,232,296,335,338,432,460,465,495,517,519,589,592,593,594,612,613,614,624,676,699,731,732,755,776,796,799,801,838,846,864,897,906,912,917,944,982,999,1023,1060,1074,1083,1169,1230
64,82,104,190,191,192,193,194
130,240,285,392,393
2,152,312,313,485,537,745,779,858,1043
2,14,72,95,111,152,157,158,162,167,216,231,245,253,256,258,261,294,300,303,323,339,403,406,426,466,494,546,554,618,619,620,645,647,652,660,670,671,698,701,727,728,729,753,775,776,784,796,836,846,867,871,900,910,911,912,954,981,983,1058,1108,1138,1167
40,185,347
332,333
137,189,205,429,476,763
2,8,34,40,59,73,108,152,159,165,168,180,210,211,214,216,233,234,281,302,344,347,359,400,405,407,427,442,462,463,466,469,491,509,511,540,556,567,571,589,616,624,646,673,674,675,703,705,708,749,772,788,834,844,845,846,892,909,917,957,988,990,999,1016,1051,1053,1082,1114,1133
40,65,228,246,309,331,354,423,430,475,503,690,691,716,718,743,771,776,857,926,1126
863,979,1224
271,373,581,739,740,1067
540,680,1176
30,154,275,311,431
379,453,488,795
140,248
107,140,209,390,546,609,610
35,105,197,274,275,431,486,639
63,172
383,418,470
66,171,173,174
0,8,14,21,24,86,121,152,162,166,168,176,201,280,296,299,361,372,403,465,509,533,587,608,614,708,747,748,749,750,751,752,753,754,755,756,757
546,781,845,1156,1158
65,82,103,104,132,152,191,226,529,534,607,693,742,769,776,813,888,1040
106,107,139,229,230,379,610,937
862,1181
148,224,242,469,669,1001,1147
473,485,486
276,860,977
99,222,224,256,498,579,762,1065
269,632,1036,1069
14,117
155,247,356,413
35,152,311,858
2,18,19,33,39,49,58,109,145,152,162,277,278,279,280,281,282
204,463,630,663,669,683,849,865,879
195,312,819,917,975,1011,1130
172,472,884,1034,1147
2,14,22,53,88,94,103,152,156,165,213,216,221,231,254,260,298,299,315,320,380,426,437,469,520,540,557,590,620,652,660,672,679,698,699,725,775,776,846,892,896,897,898,899,900,901,902,903,904,905,906,907,908,909,910,911,912,913,914,915,916
47,118,272,273
120,171,221,241,262,304,362,372,393,439,527,628,682,734,1090
0,1,2,3,20,39,46,67,73,88,89,95,123,124,152,159,161,215,232,245,255,257,294,297,319,320,321,339,369,437,459,540,617,645,646,647,648,649,650,651,652,653,654,655,656,657,658,659,660
31,106,196,485,858
30,36,152,155,413,423,778,917
36,105,423,473,638,1011
256,669,736,737
139,455,610,781,937,1156
8,12,14,57,59,69,97,180,200,255,299,300,344,457,463,464,469,470,571,574,595,596,622,700,702,725,730,755,757,776,790,793,824,834,840,842,865,887,897,917,954,987,991,1021,1057,1135,1164
41,108,115,241,439
152,238,710,1027
0,64,66,152,207,337,355,364,450,504,534,559,597,604,620,625,714,717,742,775,810,815,923,928,932,955,1041,1071,1100,1129
138,139,140
205,206
115,171,346,661,734,804,1032,1063,1089
644,863,1179
434,540,758,759
1047,1177
30,105,1042,1154
102,447,560,665,1036,1037
108,115,240,393,409,419,628,682,805,1089
546,795,976
6,71,119,190,291,310,316,351,353,364,450,473,488,533,559,716,856,889,933,1008,1152
523,524
154,247,777,817,858,1011
31,106,195,196,197
7,50,67,90,96,112,141,168,179,201,212,254,257,259,261,277,280,299,301,302,359,368,372,380,423,425,444,495,512,515,549,551,552,570,572,593,617,655,672,696,698,728,791,795,897,900,944,950,951,1134
274,314
146,152,324,626
1,14,16,19,20,40,52,112,142,151,152,162,210,216,281,297,347,377,400,459,467,494,509,510,551,555,620,621,654,756,772,776,841,900,917,985,999,1131,1132,1133,1134,1135,1136,1137,1138,1139,1140,1141
155,196,313,537
7,8,9
131,423,446,966
2,105,154
249,586,940,1045
106,208,565
152,1232,1233
14,38,59,67,88,103,110,126,152,198,199,200,201,202,203
195,197
418,1029
136,324,325,326
641,822,1159
20,40,220,1026,1088
28,271,386,448,449,519,631,853,969,1003
208,209,333,1104
108,135,219,283,997
251,252,782,1046
40,62,222,263,528
157,223,263,264,266,436
20,40,73,77,93,94,112,113,123,142,152,215,221,345,433,438,459,462,463,464,467,494,513,550,568,571,621,625,655,657,659,660,674,695,705,726,750,757,776,786,791,825,829,833,841,887,984,986,989,1016,1051,1141,1162,1165,1167,1194,1195,1196,1197,1198,1199,1200
598,1215
238,680
98,558,630,737,881
270,712
463,1027
205,363
244,291,328,330,354
453,795,976
55,131,176,421,481,484,488,502,531,584,637,718,774,886,934,973,1006,1040,1125,1153
131,206,363,444,764
186,288,346,347,569,681,734,894,1092,1093
264,463,472,473,474
252,821,822
10,47,55,133,151,174,192,245,273,291,292,395,445,482,535,605,633,636,689,811,855,890,931,1004,1040
942,979
62,63
149,267,410
172,498,683,865
40,157,350,463,629,662,807,841,1000
175,441,641
229,248,720,894,1155,1189
3,4,20,40,48,50,59,70,71,72,76,110,121,134,143,152,158,178,213,254,278,315,319,339,344,345,347,358,369,372,382,405,516,517,552,561,569,571,587,589,620,645,650,655,658,708,728,729,730,747,795,796,945,954,1054,1056,1110,1112,1115,1134,1161,1164
149,475,1122
626,1026
35,36
187,189,423,500,611
79,129,183,262,347,519,526,578,599,878,919,1064,1143
237,418
182,1138
250,252,441,641,642
25,108
152,172,225,264,474,629,917
507,821,1105,1106,1217
62,98,223,491,808,1001
47,64,331,364,516,535,633,742,772,776,816,891,935,1007,1038,1127,1128
15,16,34,40,52,57,69,95,108,113,121,144,156,200,201,212,216,232,255,299,300,303,437,438
63,224,558,737,922
0,40,47,193,309,430,480,503,529,563,583,605,608,637,690,773,810,811,813,907,971,973,1073,1129,1153
276,379,795,845,976,1012,1044
26,171,241,372,419,439,469,553,734,735
802,1215
146,324,997,1027
61,182,576
1175,1231
49,152,1142
40,76,86,92,95,97,162,216,231,316,359,391,423,437,463,466,494,510,540,544,555,608,617,653,675,776,787,797,823,831,836,844,872,898,907,914,945,947,951,983,988,991,1014,1021,1081,1110,1116,1133,1161,1163,1168,1213
9,14,17,18,21,45,46,47,48,49
332,453,795
247,486,936,975
998,1028
2,9,19,37,38,39,57,69,84,112,152,156,199,255,372,380,437,442,458,463,464,540,546,549,550,572,597,613,616,660,675,696,699,726,731,776,788,823,838,841,867,869,901,907,909,914,944,952,954,981,991,1022,1055,1078,1109,1162
101,102
249,250,251,252
117,205,664,1035
641,862,1046
31,115,116,526,599,600
107,209,379,546,1104
152,311,313,424,431,778,818,1043
248,414,453,694
10,11
0,11,29,80,81,105,118,119,132,207,258,308,337,440
602,603,631,768,896
5,47,131,132,133
20,146,238
65,66,95,152,153,273,387,388,389
105,151,152,227,228,310,666,667,668
35,431
204,474,601
230,414,415
2,7,9,20,21,47,48,49,50,90,92,125,158,160,235,245,315,423,442,443
219,237,463,917
643,863
288,347,761,920
12,17,52,57,64,96,144,176,177,178,179,180,181
5,372,553,576
129,183,186,245,372,408,409
485,537,746,776,818
43,56,66,103,152,173,176,228,231,246,289,535,618,814,815,855,886,926,935,955,974,1007,1041
223,225,263,498,630,737,849,850
44,132,173,231,381,387,398,440,451,533,535,562,713,888,934,972,1010,1039,1101,1125
40,130,185,245,347,469,553,923,1119,1121
40,146
128,221,285,682,1031,1032
5,435
139,454,456,487,860,1155,1156
371,758
28,268,580,581
120,184,304
40,99,106,172,243,372,850,1065
10,44,231,290,292,331,364,365
11,82,131,153,190,227,246,290,291,328,351,480,483,504,666,718,775,810,811,856,929,981,1007,1183
2,247,293,424,537,745,777
519,665
6,64,82,91,226,228,246,309,316,355,381,422,430
35,274,293,485,1130
223,473,683,808,850,865,881,922,965
454,609,861,1155,1157,1158
463,497,525
435,522
0,14,57,67,68,69,70,71,72,73,74,75,76,77
444,500
249,252
538,721,999,1179
155,311,356,564,638,669,746,776,859
766,768,1002,1151
229,230,585
182,598
131,151,336,351
9,20,24,40,46,60,72,90,94,103,110,111,113,134,141,143,152,179,218,258,318,338,369,380,400,423,427,462,468,469,554,569,575,587,596,612,613,648,654,673,776,792,835,871,899,900,907,911,954,991,1014,1112,1135,1165
36,452,778,817,1043
357,414,415,488,781,1156
0,66,91,244,353,354,473,481,529,535,608,668,714,810,814,955,1005,1010
224,256,265,420,474,528,669
28,386,926,1036,1151
62,98,100,242,263,1147
98,99,222,224,428
10,29,80,132,152,153,174,207,246,308,316,365,381,473,582,583,584
208,230,938,1104
6,40,120,171,193,225,226,309,381,387,388,398,440,482,503,562,636,666,812,856,907,931,933,974,1126
207,308,421,536,561,928
454,585,610
101,270,374,386,449,665,767,896,926
100,224,683,923,1095,1147
940,1045
6,131,328,329,330,331
172,474,491,858,879,1187
0,12,14,17,18,37,87,89,103,152,163,199,202,231,236,281,299,339,423,425,426,427
100,265,394,436,491
267,925
108,136,284,463,497,525,997,998,1142
456,506,795,820,894
204,243,266,348,883,1174,1220
216,445,606,851,885
41,108,186,307,347,378,393,661
61,182
449,479,896,926,1068
43,131,244,289,329,355,422,516,561,562,563
519,1067,1068,1069
429,809,851,924,1035
2,12,20,37,50,51,59,69,84,95,108,121,134,176,216,236,245,297,298,302,320,321,372,382,403,443,444,469,519,540,570,573,591,615,620,645,648,652,753,756,785,869,874,897,899,903,907,910,954,984,1084,1139,1164,1187,1190
270,478,560,853,1068
246,821,941,1181
478,479
44,56,71,173,231,245,246,330,354,365,481,533,535,559,620,635,688,771,889,927,931,933,1008,1072,1099
139,357
127,285,372,408,471,661,920,923,1030,1094,1119,1172
434,540
638,669,776
28,1182
31,424,473,639
204,463,491,558,882,883,922,1174
99,428,498,762,850
370,802
20,237,284,324,626,997,1142
80,95,120,151,152,246,352,395,422,430,531,666,770,838,855,891,928,1040,1072,1099
219,220,237,917,918
27,269,631,632
10,151,152,291,316,354,381,397,411,475,561,607,690,692,714,811,814,857,889,923,1100
139,276,415,585
147,223,807,910,1173,1174
367,721
148,172,348,472,579,629,662,910,1065,1066
452,859,1042,1154
978,1048
43,44,132,152,310,328,450,451,475,502,535,605,689,923,930
522,954
16,47,68,72,74,95,121,151,162,165,181,216,235,256,315,334,335,341,358,372,402,416,423,432,437,465,542,555,569,575,587,590,594,612,614,621,623,645,656,677,679,727,729,748,749,752,776,784,831,839,841,870,903,947,955,981,982,992,1013,1052,1078,1132
150,267,363
23,40,46,75,152,168,177,201,214,216,234,302,321,334,372,382,540,541,594,612,697,834,896,954,982,1107,1108,1109,1110,1111,1112,1113,1114,1115,1116,1117
66,291,308,309,336,355,717,772,774,838,928,930,933
632,766,842,1002
9,19,40,103,121,122,123,124,125,126
31,195,275,313,818
42,129,469,471,519,848
8,32,33,34
372,822,1046
36,313,413
15,19,20,48,60,134,152,161,319,347,399,400,401,443,459,460,462,465,466,467,468,469,473,494,509,510,547,587,591,597,613,618,649,652,708,722,723,747,776,796,827,830,864,867,902,904,910,948,949,989,1016,1075,1163
57,60,83,87,95,97,112,123,141,145,152,161,162,164,198,200,213,235,258,280,315,316,318,319,342,372,427,437,463,464,469,550,568,588,592,648,657,702,704,724,726,729,776,785,790,838,896,981,1056,1076,1081,1134,1162
363,423,606,764
20,136
250,1105
131,475,809
40,895,939
62,225,473
63,256,348,349,762,923,1065
40,895
251,441
117,216,267,606,685
248,506
14,20,34,39,40,94,108,152,159,199,216,221,278,282,297,377,400,466,492,509,519,521,556,572,595,608,617,677,698,750,752,776,786,810,900,907,945,1052,1053,1058,1077,1078,1082,1084,1164,1168
266,394,420,428,469,601,881
271,602,603
149,429,559,968
152,283,680,710,1026,1029
2,19,40,51,57,68,96,97,113,152,156,212,216,217,221,231,235,344,382,405,426,427,433,438,442,508,509,510,511,512,513,514,515,516,517,518,519,520,521
441,641,642
44,47,152,173,193,244,364,365,488,582,667,716,771,773,774,838,855,926,935,974,1008,1101,1216
265,348,473
6,55,56,119,173,330,331,396,535,741,742,743,744
61,954
52,58,86,92,111,152,212,221,233,253,301,316,401,443,459,466,494,509,514,540,611,621,622,679,753,776,786,826,837,843,868,903,907,947,951,986,999,1014,1058,1059,1077,1084,1085,1133,1139
239,304,600,761,847,848
31,53,169,262,346,362,378,473,526,734,804,962
99,172,265,420,528
102,374,1037,1067
27,102,447,478,738,765,926,1068,1069,1097
49,325,463,1027,1029,1087
268,448,687
42,120,241,262,372,378,469,628,804,889,1093
26,128,304,306,847,1062
40,99,349,350,841,880,884,923,1148
195,745,858,859
5,802
127,171,419
9,21,37,48,60,68,70,71,77,92,94,200,213,216,299,315,316,317,318,319,320,321,322,323
721,978
1,9,14,18,32,45,46,53,64,72,89,126,152,159,168,200,212,214,255,259,261,318,360,380,399,407,423,425,458,491,510,516,543,553,554,611,620,654,658,700,706,724,748,752,775,909,914,992,996,1022,1076,1079,1117,1225
182,553,733
0,4,12,15,22,89,96,125,151,152,210,211,212,213,214,215,216,217,218
140,209
138,276
454,488,694,795,894
61,371,954
41,170,285,347,439,1120
348,394,601,663,736,807,865,1065,1095,1096,1148
2,12,23,53,67,70,71,111,143,152,159,162,176,216,231,234,255,279,318,369,380,406,494,515,516,518,541,550,557,613,614,647,653,750,796,797,804,826,838,907,945,952,980,984,1019,1079,1133
49,220,803
14,117,476,477,852,966,968
348,491,662,762,808
27,28,447,478,580,768,1067,1097
208,209
102,271,373,448,581,687,738,1003
7,12,94,122,152,180,198,212,216,221,235,261,295,296,297,321,341,360,400,423,425,460,462,463,490,557,573,587,594,652,674,732,748,776,800,839,870,887,892,904,905,981,990,1019,1052,1057,1083,1107,1135,1163
14,120,305,307,347,384,526,628,919,1033,1062,1090
1,3,47,51,57,75,87,96,152,158,167,180,199,231,260,376,426,442,515,545,568,573,646,678,695,728,751,776,835,871,901,908,982,1021,1084,1137,1160
25,116,286,306,469,519,600,734,847,1089,1146
61,434,759
374,686,1037
370,435,733
31,804,1062,1120,1227,1228
107,488,506,565,1158
149,150
188,216,925
4,12,14,20,34,37,57,68,92,96,122,145,152,161,165,255,261,345,442,465,467,469,493,509,521,549,567,571,655,673,697,732,756,776,796,827,839,845,846,864,945,953,955,986,994,1013,1074,1078,1161,1162,1171
434,522,733
195,314,431,473,779
25,120,171,183,469,527,577,1090
209,1104
30,31
188,206,1149
98,99,100
271,386,519,581,842,926
55,118,131,133,225,329,375,381,480,483,530,741,744,776,887,888,890,933,972,1100
539,721,999
20,136,326
370,522,576,733
2,9,13,14,17,21,57,58,96,103,143,178,200,213,253,277,278,279,280,295,299,302,322,339,343,358,369,416,457,459,469,509,512,540,551,567,590,595,617,622,671,672,677,679,696,702,703,704,727,728,786,796,842,845,846,867,896,907,935,981,989,1020,1052,1058,1112,1135,1160,1170,1171,1186,1187,1188
25,130,184,241,305,327,347,999
53,240,287,347,469,553,805,1090
225,264,428,469,669,806,882,884,910
175,941,1159
104,152,190,191,352
274,275
2,12,14,24,39,57,68,70,83,96,125,151,152,164,166,198,216,255,260,303,342,377,459,465,468,469,515,520,542,548,614,697,722,725,728,730,754,772,789,827,839,840,846,865,872,873,905,952,956,980,981,993,995,996,1018,1023,1024,1059,1080,1086,1109,1226
479,686,1037
2,14,20,34,40,85,113,122,143,152,255,282,294,295,296,297,298,299,300,301,302,303
539,942
53,114,116,120,245,307,527,1030,1119
356,413,745,975,1043
251,566
11,173,411,529,531,535,625,718,744,776,810,927,928,929,930,931,932,933,934,935
441,586,822
30,152
2,423,424
107,455,610
31,54,170,245,287,304,392,469,877,889,963,1062,1120
40,98,100,147,242,266,372,964
54,116,184,221,286,385,569,578,661,760,961,1030,1031,1091,1144
25,54,78,114,221,286,305,362
0,2,12,13
29,82,118,292,440,475,503,530,533,607,633,716,855,1038,1039,1040,1041
0,81,119,120,207
5,6
27,268,269,270,271
822,1159
17,69,77,134,144,152,166,296,315,340,372,444,491,496,518,520,568,588,617,653,776,793,804,827,828,846,871,874,887,906,982,987,993,1021,1022,1052,1057,1086,1135,1166,1168,1171
414,456,976,977,1155
102,373,374
40,148,204
0,3,9,13,14,17,19,40,48,50,74,125,152,167,201,221,231,254,260,296,297,376,403,405,423,432,433,437,463,473,491,511,516,519,541,555,593,608,614,620,624,625,671,728,753,776,786,789,800,829,832,834,846,867,872,900,902,946,982,985,996,1050,1051,1053,1058,1059,1079,1140,1164,1166
152,154,424,777,917
242,579,669
196,274,486,917,1042
2,818,1042,1043
146,237,803,1087
208,276,390
371,540,954
372,441,782
523,1118
487,565,720,976
128,183,285,287,305,346,378,526,661,681,805,877,878,889,961,962,1033,1092,1145
2,9,13,18,20,23,34,40,77,145,152,157,210,258,259,282,299,302,318,335,340,343,432,438,473,491,493,512,543,545,554,592,593,619,620,649,651,671,672,703,724,775,776,827,829,861,872,898,913,914,949,984,987,996,998,1017,1020,1050,1065,1081,1108,1114,1140,1168
942,1178
390,455,487,488,506,694,820,860,1157
28,270,374,449,478,560,665,766
40,219,470,918
429,711
238,326
475,925
4,38,47,57,60,84,94,254,282,302,322,335,345,347,372,380,417,423,489,490,491,492,493,494,495,496
81,191,193,290,291,328,353,480,481,482,483,484
35,106,197,356,424,537
35,293,564,746,817,818,819
15,49,53,68,73,74,113,152,159,160,165,231,282,317,368,372,377,380,416,433,469,489,491,494,510,511,515,516,570,575,590,654,750,776,830,833,834,900,946,950,953,1023,1051,1113,1138,1166
108,221,286,372,599,600,627,878,1064,1145
2,13,14,16,19,141,142,143,144,145
152,420
118,119,120
479,581,631,740,1002
0,173,190,194,308,352,450,533,536,559,599,604,608,689,1073,1129
1045,1046
152,452,473,486,745
31,42,171,469,1091
190,194,352,389,397,440,445,475,559,618,633,634,635,636,637
1105,1106
175,250,251,372,782,822,941
366,367
51,109,122,143,145,152,166,168,181,210,217,280,319,345,369,372,416,417
49,135,220,470
40,100,222,629,630
246,641,782
47,207,231,364,389,412,559,583,597,636,667,716,717,772,810,926,927,1006,1007,1008,1009,1038,1126
63,225,243,265,350
78,327
63,420,807
374,478,580
131,444,477,885
252,372
114,408,519,599,761,877,878,1064,1092,1143,1172
183,538
8,47,49,52,67,124,144,152,158,165,210,211,213,216,233,281,282,300,317,334,372,402,426,473,489,496,547,552,554,572,575,587,619,647,649,670,678,747,776,790,793,800,824,826,841,845,870,871,875,904,913,915,944,957,982,998,1019,1025,1055,1057,1061,1085,1113,1115,1134
43,55,71,176,192,205,225,289,291,310,411,412
271,449,479,740,1124
135,497,960
183,367
269,447,580,739,765,842
79,185,186,285,288,385,439,600,681
30,152,818
8,14,24,39,71,72,75,83,97,152,164,167,179,203,256,301,343,368,369
251,372,1159
21,32,33,39,67,108,124,152,157,163,176,216,234,294,295,298,299,316,344,360,489,492,515,553,595,646,650,677,696,698,700,729,776,785,794,796,798,823,838,840,843,865,866,887,897,898,907,914,988,990,992,1018,1023,1139,1167
108,283,284
26,120,419,471,1143,1144,1145,1146
27,269,404,581,1150,1151
390,488,585,820
26,54,392,526,804,877,961,1092
445,476,967
423,486,505,638,780
138,390,453,488
611,664
441,641,895,1046
5,105,132,152,153,272,375,605,620,625,772,775,810,890,927,932,1010
643,644
47,192,308,336,365,389,396,397,488,502,605,606,666,689,693,715,1004,1005,1006,1007,1008,1009,1010
105,274,293,314,638
9,12,19,20,50,67,76,77,111,134,141,178,202,277,303,316,391,400,469,470,516,519,561,722,723,724,725,726,727,728,729,730,731,732
431,539,783
373,580,712,766
251,895,941,1046
219,325
267,500
14,54
26,129,419,553,569,848,921,1090
763,809,966,1149
196,745,746
332,488,938
313,423,505,779
154,314,719
80,81,82
25,108,130,170,239,306,392,469,1033
862,1212
0,1,9,46,60,71,76,97,103,113,163,178,200,202,215,231,280,282,317,341,342,372,423,516,540,545,549,550,590,592,620,655,673,695,706,787,796,798,824,825,846,898,900,902,915,958,984,989,1015,1111
7,23,34,40,53,72,75,144,151,152,158,165,198,200,216,334,338,342,360,372,401,423,443,459,469,494,587,588,589,590,591,592,593,594,595,596,597
374,386,501
242,349,473,474,491,806,807,808
102,519,1003
40,53,129,170,186,262,287,288,439,963,1031,1064,1120,1144
580,686,767,1069
138,229,781,938,1157
276,332,415,456,585
149,267,444,446,852,924
131,150,363,664,851,1149
187,684,851,925
0,6,91,174,207,272,375,451,488,575,582,618,715,744,855,935,972,1004,1101,1102,1125,1127,1152
28,101
131,152,244,559,561,597,772,955,1125,1126,1127,1128,1129
14,117,267
366,644,978,979
469,499,528,841,846,922,1034
324,525,663,998,1142
98,147
431,863
220,918
15,37,52,57,58,72,90,103,108,109,110,126,152,167,200,210,214,216,221,233,259,278,298,300,323,359,368,377,402,444,469,611,612,613,614,615,616,617,618,619,620,621,622,623,624,625
311,312,313,314
149,475,476,477
586,895
284,710
5,11,55,176,201,226,227,228
29,71,80,91,316,328,375,396,422,575,584,608,715,769,773,892,907,1073,1098,1102,1103
0,34,49,108,113,152,214,232,236,258,281,294,297,317,323,342,372,459,469,492,510,533,540,544,554,556,611,620,660,676,699,705,707,753,756,776,786,787,788,789,810,823,828,832,841,869,896,898,907,953,981,1014,1021,1050,1082,1108,1110,1111,1112
186,287
687,712,1097
106,196,311,505,669,777,819,1130
106,546,720,860
7,19,33,67,85,88,90,111,152,179,235,323,347,372,376,380,469,490,509,516,549,557,590,596,597,613,623,650,729,751,776,784,792,804,827,828,834,861,868,902,907,911,946,950,953,985,1013,1017,1021,1050,1111,1140,1203,1204,1205
410,446,924
19,32,47,83,89,90,103,163,200,211,213,245,279,294,470,519,520,521,540,548,567,588,612,614,656,676,695,705,706,722,723,751,790,791,825,828,834,835,845,865,866,955,982,985,994,1015,1021,1023,1076,1167
139,248,333,506,1012
63,242,663,1148
566,782
157,223,428,463,469,473,663,736,841,865
0,47,57,67,88,97,108,141,152,164,179,232,234,255,281,299,300,303,323,359,444,459,465,468,492,513,515,518,541,553,568,575,617,618,648,678,701,704,725,728,753,755,757,786,794,804,832,896,908,910,917,957,980,982,989,992,993,998,1169
390,565
184,287,305,553
519,576,758,802
284,326,525
31,114,115,116
95,132,133,289,290,291,292
347,362
247,275,564,639
943,1049,1178
108,237,238,418,497,1028,1087
246,566
3,8,12,13,18,21,50,69,87,108,125,134,152,166,216,233,319,466,493,508,511,544,550,571,575,587,616,670,676,702,707,728,729,730,796,1021,1050,1051,1052,1053,1054,1055,1056,1057,1058,1059,1060,1061
17,19,32,45,49,51,57,59,74,77,84,103,152,160,165,180,201,211,231,245,294,300,372,399,402,426,444,473,508,511,514,549,571,612,621,645,696,705,751,784,787,793,796,833,907,908,1110,1111,1137
154,431,719
25,31,114,171,327,408,735,761,878,894,919,1092
106,147,204
390,506,640,1044,1156
183,366
49,146
66,105,120,132,201,381,473,516,530,531,562,743,772,815,923,930,1039,1207
2,32,47,57,68,95,111,152,162,180,198,211,215,255,260,294,295,323,340,358,359,361,376,377
106,415,860,861
566,1159
2,9,17,20,32,39,58,83,152,156,157,162,200,221,316,339,345,377,433,444,463,491,513,520,540,546,554,561,615,616,617,620,624,648,651,697,726,732,753,776,837,900,907,985,989,1055,1056,1065,1080,1109,1113,1131,1168
371,435
7,40,52,58,88,151,152,162,177,253,403,407,432,433,458,463,542,545,553,567,623,624,656,748,753,789,825,829,866,887,898,899,944,949,953,986,1057,1112
13,14,20,47,72,85,95,109,152,179,212,216,233,281,299,301,303,321,423,442,443,444,459,489,495,510,515,540,561,587,589,613,614,615,651,658,659,732,776,786,788,796,823,827,869,896,946,954,982,984,1013,1160
519,580
53,114,127,327,408,439,1146
205,206,216,685
29,55,64,171,174,244,355,422,423,451,597,620,667,692,718,744,771,838,892,933,1039,1125
197,776
0,8,19,45,47,73,84,108,141,152,245,253,254,255,256,257,258,259,260,261
29,82,133,201,227,228,273,290,329,351,423,451,532,534,575,583,597,618,668,693,855,930,935,1005,1008,1009,1071
100,157,256,263,264,265,266
27,447,739,740
1177,1178
370,519,576
333,357,640
275,312,313,486,669,975
1,9,19,64,67,134,142,152,166,200,210,214,256,316,335,345,361,405,406,491,513,533,541,543,546,569,590,597,625,646,653,654,660,679,703,722,723,725,749,772,776,796,837,903,980,1055,1065,1109,1161,1167
0,133,194,228,231,291,310,352,411,451,475,482,484,503,535,575,607,637,812,886,888,928,931,971,973,1040,1153
182,522
404,632,686,739
47,153,191,193,310,330,412,516,531,582,618,744,774,813,816,935,971
216,363,429,1122,1123
135,136,219,325,470
312,356,669,777,1184
152,917
107,357
149,410,445,809
12,13,20,22,58,64,68,74,88,96,124,152,176,199,201,216,221,235,299,334,343,369,380,469,510,521,533,541,575,617,622,654,677,696,700,728,756,757,772,776,786,796,833,834,866,872,873,897,907,913,914,945,992,995,1023,1025,1083,1107,1109,1112,1113,1115,1116
2,12,15,47,68,71,89,110,143,152,176,203,218,221,254,255,279,302,359,369,380,459,467,468,469,510,516,554,573,593,594,614,616,620,647,670,701,708,728,730,747,794,826,827,828,831,864,865,901,905,981,989,1014,1079,1133,1135
11,29,81,95,192,193,194,258,310,316,381,473,483,484,531,562,605,606,608,637,666,741,775,810,811,814,929,1039,1098
284,383,663
147,349,350,372,858,917
208,379,488,609,845,937
415,453,487,488,1157
14,169,184,240,384,409,473,519,760,919,999,1144
222,225,266,349,498,528,849,917,1066,1096,1173
5,44,81,194,225,227,273,292,365,387,484,504,532,535,666,713,714,741,772,776,888,891,1040,1099
2,4,22,40,64,73,76,124,126,142,144,164,178,210,213,233,253,282,320,322,360,361,369,417,458,469,489,490,493,496,509,511,519,521,548,588,589,657,658,674,708,724,776,833,836,868,896,905,944,985,1018,1051,1053,1054,1107,1114
49,803,997,998
152,247,312,817
263,264,265,394,472,787,879,882,883,1148
114,130,169,327,346,469,473,527,577,627,889,1121
148,172,394
14,150,189,410,446,685
680,1176
276,456,977,1156
208,332,454,456,488,694,845,1012,1044
95,176,336,337,599,604,605,606,607,608
183,378,385,578,735
78,393,578,761
16,876
40,171,193,245,381
709,803
40,169,245,346,384,419,847
478,632
106,247,424,564,1154
136,146,710
224,243,265,350,436,736,879,880,881,882,883,884
140,609,861
107,248,610,1155
487,488
14,40,54,240,241,286,409,439,471,627,628,661,847,923,1063,1121
31,42,53,307,346
434,1138
25,79,120,130,185,186,305,306,307,347,362,469,526,577,805,920,961,962,1121
372,507
101,270,386,448,602,739,765,766,767,768
269,1150
14,108,116,307,392,599,1143,1145
152,247
538,539
6,29,43,309,355,536,599,690,741,1004,1070,1098,1128
0,45,64,112,152,213,253,257,277,340,399,402,444,458,490,491,508,513,540,544,556,591,611,623,659,672,678,726,727,749,757,776,810,824,831,844,896,903,905,906,984,993,996,1017,1021,1075,1086,1114,1137,1160,1163
40,680
333,357,414,546,781,820
209,276,860,1219
187,410,445,664,852,1122
366,644,1048
252,507,940
6,40
115,185,327,362,372,393,1120,1144
42,130,170,184,627,628
53,78,184,286,307,392,963,1094,1144
1048,1177,1178
435,553
238,283
1176,1231
455,1044
5,47,80,120,176,244,289,329,389,422,516,535,605,926,974,1038,1126
78,108,115,307,346,362,372,385,923,1030,1031,1032,1033
24,67,83,84,85,86,87,88,89,90
488,565
0,20,57,64,92,93,94,95,96,97
31,40,306,378,409,760,877,878
709,960
0,3,8,16,22,67,70,72,73,121,163,168,261,277,334,339,341,401,417,457,461,465,496,673,697,755,756,795,832,834,871,904,906,909,944,952,988,1015,1107,1108,1163
418,497
62,420,436,472,736,1147,1208
446,559
11,66,80,104,258,328,337,473,529,535,605,715,743,770,810,929,933,955,972,1041,1072,1101,1152
25,26
0,91
106,275,356,917
40,220,324,626,917
105,293
540,759,1215
0,4,15,40,48,145,156,162,254,256,258,319,344,369,401,508,533,575,587,588,618,620,651,660,673,810,835,837,839,846,908,949,958,959,985,1053,1075,1077,1108,1114,1132,1166,1220
16,1118
49,383,917,1026
187,189,764,924,1122
367,643,721,783
445,606,685,924,925
36,152,196,356,424,485,639,1130
14,19,20,24
632,712
14,17,45,46,60,72,96,152,161,177,201,203,260,316,334,338,361,376,391,407,417,426,444,461,466,496,544,554,555,595,596,608,613,614,646,647,659,697,772,787,792,793,824,831,839,842,864,897,900,902,911,948,988,989,1079,1080,1136
305,409,471,963,999,1030,1033,1089,1119,1120
103,258,308,309,310
31,115,128,130,285,286,287,288
638,639
5,61
304,305,306,307
108,237,238,525
566,586,1105
139,1044
367,643,1179
49,135,220,283
25,288,327
325,383,663,1028
54,79,128,185,262,304,306,473
106,248,276,565,720,937
102,373,479,501,519,853
404,560,665,740,1069
170,183,384,392,553,627,961,962,963
413,1042
14,114,130,186,245,385,760,1032,1063,1089,1091,1093
107,140,415,861,894
357,455,720,937
138,694
71,151,192,272,273,331,389,412,423,450,534,715,772,889,891,933,935,955,1127,1222,1223
13,20,33,40,45,47,48,64,71,87,125,152,162,179,199,231,236,256,302,376,399,423,444,540,541,542,543,544,545,546,547,548,549,550,551,552,553,554,555,556,557
40,507,862
2,4,47,72,96,108,109,110,111,112,113
367,978,1177
324,326
283,626,709
81,104,193,194,289,309,331,388,396,397,411,482,535,536,563,618,743,1070
189,475,476,711,968
183,863
114,129,169,221,287,385,392,408,409,519,760,761
5,182
40,183,184,185,186
137,684,885
35,106,196,293,564,745
311,431,473,505
239,288,526,628,681,923,1031,1033,1091,1094,1172
26,41,129,221,239,578,661,923,1062,1064,1094,1121,1146,1172
40,100,243,265,428,579,880
611,684,966,967
114,129,285,347,527,577,578,681,804,805
540,576,954
1,2,57,58,59,60
325,383,626,1026,1027,1028,1029
455,546,640
662,879,1000
404,501,765
2,14,20,49,57,76,84,86,89,93,96,123,151,162,166,180,202,203,210,216,217,221,231,236,300,315,321,377,406,443,457,510,514,517,519,533,540,547,552,587,592,616,647,679,701,704,708,787,841,842,846,869,892,914,950,951,959,981,983,987,998,999,1022,1023,1056,1065,1109,1111,1113,1131,1132,1168
14,285,362,681,682
43,118,119,330,365,422,430,483,582,606,634,667,713,744,771,854,855,888,1070
14,187,189,216,500
447,580,602,603,631,738,768,853,969
373,449,603,631,665,739,766,896,970,1002
47,80,104,132,201,226,290,330,337,397,411,422,440,445,502,688,691,812,855,981,1009,1010
445,809,925
5,80,95,174,245,316,328,536,636,1070,1071,1072,1073
157,372,420,463,601,787,1173,1174
99,762,923
631,686,687,1097
246,250,441,641,939,940,941
522,802,954
14,22,32,59,69,74,93,152,160,162,181,203,211,212,213,218,234,340,341,406,407,432,540,590,613,673,695,696,697,698,699,700,701,702,703,704,705,706,707,708
239,385,553,569,682,999
393,760,1031,1063
183,538,721
410,475,477,664,763,809,1122
229,230,332,379,488
62,348,349,350
105,154,413,917
79,170,469,600,847,921,922,1143
31,105,311,817,819,893,975,1154
117,188,216,476,500,606,711,764
817,1130
10,43,80,151,152,153
0,5,44,64,205,258,272,364,398,412,488,535,605,625,713,714,715,716,717,718
242,243
580,603,842,896,969,970
29,272,291,292,381,421,422,516,606,633,713,771,932,1071,1127
140,332,415,609,977
2,12,14,18,23,40,76,93,144,152,156,167,202,213,282,299,320,322,323,338,360,376,382,425,491,493,515,516,540,551,570,575,613,617,671,676,707,708,793,830,834,835,867,868,871,907,917,954,982,985,1080
131,137
413,746,778,917,936
684,1122
61,576
189,445,931
333,379
12,20,22,37,38,39
40,135
326,383,680
684,711,885,967
14,205,685,967
135,470,663,918
372,472,491,579,762,882,1001,1065,1096
106,333,414,506,1104
366,979
99,106,225,263,463,498,499,669,807,850
5,434,758,802
35,197,274,293,424,859,1130
106,428,849
553,598,758,1138
326,463,803
63,148,152,394,498,499
56,80,95,118,191,205,225,329,354,375,396,397,421,422,816,857,887,1038,1071,1073,1099,1102
40,136,152,284
370,540
304,419,473,804,848,920,1090
131,267
106,263,1001
40,151,207,228,290,310,329,354,381,388,421,423,445,451,583,620,688,690,713,717,743,854,855,856,857
49,325,1028,1142
348,372
40,256
404,560
249,250
5,103,174,421,422,423
580,581,1002,1067,1068
53,116,185,262,469,519,734,919,920,921,922
79,241,392,526,600,681,848
25,41,108,114,127,239,240,241
108,135,136,326,918
106,720,861,1012,1157
105,669
106,229,230
14,171,286,526,599,628,1119,1120,1121
268,738,740,1097,1150
98,147,630,787,846,964,1034,1221
138,332,1155,1156,1157,1158
14,15,20,32,33,52,53,57,67,72,143,145,152,156,162,260,295,316,321,376,423,443,459,460,463,513,515,519,543,548,594,608,612,620,621,722,724,748,751,755,776,785,800,823,831,837,838,840,841,843,904,907,959,984,991,1014,1023,1056,1060,1081,1136,1137,1161,1165,1169
2,154,155
148,157,222,243,806,846,850,858,1000
120,245,262
2,3,4
1047,1048,1049
2,20,57,64,70,152,178,213,221,257,277,296,322,334,344,391
472,683,881,882,1095,1096
488,546,894
1,8,19,67,73,121,158,215,216,232,259,280,316,317,319,391,417,426,438,459,496,512,515,546,554,561,574,590,675,705,730,731,772,775,776,793,795,796,837,981,1020,1052,1076,1082,1083,1108,1115,1138
238,383,418,1142
197,452,719,1011
537,936
455,894
366,863,943,978
20,111,134,142,338,339,340,341,342,343,344,345
404,926,1036,1150
2,53,71,97,144,162,177,200,256,303,323,341,347,380,459,543,570,594,645,652,670,676,695,706,750,751,788,804,830,834,839,841,846,872,874,907,915,948,954,982,995,1015,1019,1110
24,38,86,88,93,145,152,177,212,213,215,218,245,295,303,316,338,340,403,423,427,514,516,517,592,614,619,654,671,673,704,706,772,785,825,829,834,865,871,909,946,1017,1059,1165,1166,1167
55,104,119,174,440,606,608,625,635,714,770,854,890,892,927,934,972,1005,1006,1041,1072,1191
267,363,429,664,924,1122
271,404
1087,1088
507,940
431,783
82,91,331,336,352,354,395,398,482,582,599,743,775,927,929,935,1038,1100,1127
414,488,720
2,356,859,1043
269,270,404,602
269,271,448,738
32,37,39,40,68,97,110,123,162,163,212,235,245,253,302,322,342,343,344,369,423,459,465,496,510,546,615,660,675,722,749,776,827,839,872,980,981,982,983,984,985,986,987,988,989,990,991,992,993,994,995,996
26,116,128,287,347
285,682,761,847,1119,1143
40,41,42,262,393,471,894,1092
524,876
268,374,631,686,1002,1097
117,444,445,446
175,372,1159
103,104,105
138,415,937
40,54,115,239,240,384,408,419,553,578,627,1146,1201
27,269,448,560,580,687,1068
5,372,434,598
709,917,960,1088
20,49
118,152,171,337,364,387,503,504,530,633,636,689,690,716,813,854,981,1071
175,246,1181
2,18,49,96,152,180,301,317,318,510,540,567,568,569,570,571,572,573,574,575
101,373,738,739,740
107,138,357,390,585,938,1158,1210,1211
66,194,246,291,330,352,504,516,608,637,667,741,923,981,1152,1153
283,709,710
580,686,712
26,53,54,129,169,170,171
31,505,537,746
101,842,1036
41,42,54,128,240,439,473,661,1062,1063,1064
40,120,239,240,245,286,347,384,469
268,560,580,712,1067,1150
127,183,305,471
14,150,188,711,885
98,242,348,372,436,469,558
150,444,446,476,809
423,477,500,684,931,967
11,64,65,105,176,201,228,423,488,599,604,605,811,813,907,971
63,225,264,474,737,762,881
598,733,758
243,348,499,579,629,879,882
366,538,943,1177,1179
463,473,807,880
40,246
2,3,15,134
21,33,40,45,57,72,77,89,94,95,109,110,122,125,152,160,163,202,203,216,296,298,302,321,405,407,438,461,491,508,553,567,608,620,625,650,670,675,701,754,775,794,796,799,827,839,899,954,983,986,1074,1081,1136,1162
374,404,449,896,970
43,56,71,133,176,231,381,387,398,412,422,450,473,483,534,582,635,742,813,907,926,935,1098,1099,1100,1101,1102,1103
101,268,386,765,842,969,970,1003
79,346,347
117,137,149,150,206,931
62,148,152,256,350,436,499,629,806,880,1000,1001,1034
204,601
372,519,522,540,553
524,1118
20,463,497,1027
606,684,685
98,204,256,601,630
249,895,941,1181,1185
643,943,978,1049
373,501,853
2,275,312,314,452
138,454,487,565,694,860,1158
60,67,121,152,160,200,211,221,232,236,255,257,258,261,282,399,402,509,518,543,552,554,611,613,614,623,645,658,673,700,703,726,754,755,846,954,998,1023,1160,1161,1162,1163,1164,1165,1166,1167,1168,1169,1170,1171
40,246,895
14,42,127,239,305,307,327,372,889
0,2,19,58,71,72,96,109,124,144,152,158,180,199,202,215,256,278,296,300,301,341,376,380,403,405,407,417,427,444,460,468,489,490,494,515,519,540,554,569,573,591,592,593,596,625,659,677,701,747,751,786,796,810,846,871,887,907,981,984,1013,1014,1015,1016,1017,1018,1019,1020,1021,1022,1023,1024,1025
27,447,479,580,602,1151
21,33,38,57,90,96,113,124,125,126,152,162,180,181,212,232,234,259,260,295,340,343,372,423,460,466,469,470,490,494,512,518,520,552,554,555,596,611,619,655,660,672,699,700,791,824,836,865,870,900,947,983,984,987,1051,1074,1131,1136,1165,1166
6,56,95,105,131,152,272,329,422,480,532,536,606,666,692,693,854,887,929,930
63,152,157,243,579,629,630,662,737,849,881,910
208,248,585,1044
78,79
371,759
61,435
540,680
1,4,14,38,40,67,72,85,96,112,124,142,152,157,234,258,278,282,302,342,360,399,400,401,402,403
23,32,51,87,90,95,152,231,358,359,360,361
5,82,104,118,171,205,258,290,336,388,483,484,530,535,563,599,688,772,855,889
78,577,600,735,761,877,889,961,1089
0,4,20,40,46,69,75,86,111,122,157,178,216,231,255,257,296,344,391,416,438,462,494,509,515,517,544,548,557,574,590,618,620,649,650,673,695,706,727,754,776,792,804,897,902,948,950,954,955,985,1016,1132
18,47,49,50,70,85,89,93,123,152,179,203,319,322,338,444,468,587,593,625,648,651,657,702,725,753,790,792,835,839,908,986,996,998,1017,1021,1065,1078,1080,1085,1131,1160
62,98,222,256,663,669,683,858,917,1000,1001
157,349,579
252,566,1045
423,444,606,611
519,733
372,394,499,528,880,917,923,1096,1173
154,195,356,780,817
5,759
431,1047
208,230,414,640,976
49,326
41,42,108,115,128,185,221,347,419,760,805,962,1091
370,372
36,356
150,187,206
942,943
157,223,266,420,472,663,736,808,850,1065
78,115,128,130,183,304,347,519,682,848,921,961,962,1032
101,268,270,478,712,765
453,454,455,456
372,598
14,83,85,92,122,143,157,163,164,177,180,213,216,253,255,260,261,295,380,416,473,491,515,614,660,670,671,672,673,674,675,676,677,678,679
219,1142
137,189,216
448,687,767,768
131,205,206,423,429,1123
31,155,275,413,486,936,1042
152,776,777,778,779,780
62,106,147,225,263,762
1,3,7,13,16,53,57,67,72,74,75,86,93,95,97,112,121,152,156,157,158,159,160,161,162,163,164,165,166,167,168
642,862,1105
79,169,239,378
53,346,569,577,578
10,43,44
580,712
475,931,966,967,968
11,43,190,225,421,634,637,668,812,814,838,856,886,935,973,1005,1006,1070,1127,1128,1153
40,324,663,997,998
147,558,1147,1148
738,1002,1003
101,386,501,603,1150
501,581,603,739,767
131,188,429
40,63,106,204,264,266,428,865,1095,1096
100,242
367,539,643,721,783,1048
100,964,965
237,238
9,14,59,73,74,95,96,126,143,152,162,164,198,200,203,217,218,294,299,303,323,345,423,469,491,492,513,517,521,548,549,588,614,617,619,620,646,651,695,696,732,753,846,864,865,866,867,868,869,870,871,872,873,874,875
414,488,720,937,938
208,276,453,488,609,781
47,119,228,273,292,352,411,412,445,561,563,583,584,810,812,855,891,932,971,973,1005,1006
15,34,47,48,70,76,93,95,152,176,178,231,279,295,316,318,338,368,391,401,416,425,438,443,462,469,515,516,542,589,597,613,649,678,753,776,835,865,872,989,998,1065,1074,1075,1076,1077,1078,1079,1080,1081,1082,1083,1084,1085,1086
108,169,327,409,569,577,1030,1064,1119,1121,1206
44,47,56,65,71,81,91,95,291,292,412,504,530,741,772,887,926,1004
27,28
256,498,499,662,787,808,883,1066,1095
137,611,764,968
262,306,327
26,120,127,128,129,130
372,566
11,29
30,36,293,669,777,778
5,71,174,205,226,336,504,562,634,691,774,929,981,1004,1039
1003,1097
31,106,893
95,191,272,412,530,575,625,636,689,1070,1072,1128
249,566,821,862
470,710
19,23,59,67,76,84,86,93,141,152,165,176,212,213,233,302,316,432,433
27,28,766,768
26,127,306,347,473,526,919,1031,1172
223,349,350,436,806,879,1066
2,57,69,75,95,109,142,152,164,178,198,214,233,235,322,382,425,444,459,466,515,557,568,590,597,613,617,618,620,660,703,707,708,724,747,748,776,790,833,836,870,896,897,904,980,984,998,1054,1080
117,423,606,885,931
2,155,423,638,1042,1043
40,642,1105
61,371,435,553,759
939,1045
81,119,120,194,289,308,365,381,397,561,667,927,933,1008,1099
367,999
366,1177,1179
131,206
474,849,1147
64,65,91,105,119,152,190,191,291,309,331,480,484,535,575,584,634,838,933,971,972,973,974
100,148,152,265,349,558,601,737,849,1066,1095
103,192,207,244,289,310,395,396,445,535,635,688,691,717,813,838,1103
103,132,171,201,353,532,692,886,887,888,889,890,891,892
475,1035
184,473,526,627,1144
152,274
0,7,21,75,83,87,90,96,110,151,254,255,282,316,318,320,345,372,380,425,457,464,469,470,489,490,492,493,512,517,519,573,575,614,676,708,726,747,754,791,793,864,897,947,948,952,954,955,980,998,1019,1079,1163,1164
147,858,910
55,133,153,225,290,353,396,423,430,535,597,599,625,634,668,713,743,770,815,856,923,955
183,644,978,1049
31,36,196,274,293,314
222,263,264,469,787,808,965
137,188,205
149,205,206,611,711,763,852,966
20,38,47,110,122,163,199,202,231,257,341,405,406,427,466,492,493,511,515,545,556,614,656,701,723,749,776,793,795,834,843,845,846,865,871,872,900,901,916,935,954,955,994,998,1015,1021,1078,1136,1137,1138,1214
370,371
10,11,105,133,151,205,258,375,389,475,531,606,633,717,769,890,930,931,932,972,1006,1098,1102
0,3,34,71,74,75,87,160,181,201,203,212,217,221,234,294,299,301,315,316,340,361,368,400,417,442,444,461,470,491,514,515,518,521,540,541,546,561,569,574,616,646,698,707,708,753,772,776,788,794,796,798,830,832,835,866,892,900,948,987,990,1054,1056,1065,1082,1107,1131
219,220
40,82,118,171,245,291,309,354,375,381,529,530,531,532,533,534,535,536
14,15,16,17,18
28,268,926
284,470,680
187,611,851,966
26,41,127,169,378,384,385,408,760,805,962,1062,1172
2,12,16,17,70,112,142,145,152,258,279,281,315,316,343,358,369,425,457,458,459,460,461,462,463,464,465,466,467,468,469
25,41,116,185,599,735,894,923,999
106,140,209
29,44,47,71,105,205,231,244,245,246
2,19,20,21,22,23
62,349
241,1032,1143,1145
30,31,293,505
152,197,452,473,485,537,639,776
148,157,264,372,394,473,736,806,865,1034
2,20,24,38,57,84,85,86,152,179,216,339,372,406,432,444,459,463,464,466,469,473,515,556,568,570,574,587,595,648,671,705,708,727,748,752,793,823,824,825,826,827,828,829,830,831,832,833,834,835,836,837,838,839,840,841,842,843,844,845,846
106,610,640,861
137,1035
1175,1176
333,379,487,488,565
78,116,128,241,347,527,1030,1093
79,186,221,287,288,569,1172
40,131,201,205,328,381,388,397,398,422,440,502,536,691,692,714,718,773,887,1007
155,195
12,16,18,22,23,40,87,126,152,159,168,180,245,278,302,320,339,358,372,401,416,423,460,470,494,495,518,520,540,542,551,573,588,589,620,621,622,651,653,656,699,725,728,752,754,755,772,784,797,799,827,828,835,909,912,913,949,985,1060,1077,1081,1084,1085,1136,1170
30,195,311,452,778,975,1130
326,1087
14,117,477,931
0,1
456,640,845,976,977
0,6,44,47,120,193,226,272,337,364,375,395,422,430,482,668,810,811,812,813,814,815,816
146,663,960,1088
152,224,242,469,601,737,787,910,1148
767,1067
14,170,288,384,385
6,10,82,119,171,173,191,258,273,290,316,337,351,355,398,440,445,534,625,635,637,690,769,772,855,886,933,973
642,1045
174,191,205,231,245,246,336,353,355,389,422,480,563,716,769,773,813,815,892,928,971,981,1039,1098,1099,1102
116,221
43,105,151,227,331,351,450,475,482,886,934,935
155,312,314,423,638,719
1,14,24,40,51,64,67,75,85,95,123,126,142,152,162,166,176,181,200,214,216,231,236,256,257,277,280,302,320,322,342,369,403,465,467,469,510,515,533,547,551,590,623,625,653,670,673,698,700,749,752,756,772,836,841,844,865,871,872,899,906,944,985,1013,1016,1018,1021,1111,1131,1160
140,248,357,488,506,694,820
56,103,153,190,192,227,245,308,330,365,484,561,582,584,607,620,688,693,715,718,742,773,813,889,931,1125,1152
2,9,14,24,40,47,50,57,69,123,152,212,221,231,232,233,234,235,236
102,501,519,1150
139,140
312,423,819
137,187,363,885,924
188,189,410
373,479,632,896
444,684,852,1035
66,91,103,225,231,292,395,422,423,450,451
201,227,473,481,502,583,605,635,741,891,974,1009,1072
266,350,491,683
30,152,154,452,485,719,745,776,858,1188
821,1159
370,371,434
686,687
140,357,487,610,820
127,169,245,393,408,469,526,682,735,889,894,1089,1090,1091,1092,1093,1094
11,47,71,104,133,192,273,388,430,502,503,504
99,106,152,222,223,224,225
209,454,1157
