1289606400
1469923200
1440288000
1302134400,1315353600,1321401600,1321401600,1353542400,1416355200
1325376000
1403049600
1411430400
1292889600,1407974400,1408147200
1341187200
1212364800
1336089600
1491350400
1406592000
1247875200
1489104000
1419811200
1490745600
1367798400
1288656000
1276646400,1279843200
1306195200
1424736000
1400025600
1491264000
1398902400,1398902400
1332720000,1360454400
1217289600
1397001600
1452297600
1435104000
1217721600
1433030400,1497398400
1500508800
1441584000
1511481600
1263686400
1296345600,1296345600,1296345600
1346889600,1451001600
1287446400
1252368000
1502236800
1449705600
1507420800
1476489600
1262649600,1284940800,1303689600,1304380800,1304467200,1331164800,1417478400
1327968000
1340496000
1456876800
1211760000
1479600000
1363132800
1339200000
1512259200
1314921600
1411603200
1323216000
1426550400
1195084800
1333584000
1305849600
1334880000
1392076800
1336867200
1437436800,1437436800
1499299200
1399852800,1399852800
1425686400
1413072000
1433721600,1433721600
1277164800
1410998400
1508025600
1201219200
1254355200,1260489600,1260489600,1273190400
1329264000
1446508800
1439424000
1281830400
1331510400
1411776000,1415491200
1274140800
1388707200
1439856000
1307923200
1377993600
1500163200
1271808000
1451692800
1258243200,1258243200,1258243200,1258848000,1264723200
1475107200
1308528000,1308528000
1430438400
1495843200
1469577600
1487721600
1180915200
1302998400
1452038400
1244764800
1232064000
1455580800
1501632000
1474588800
1314144000
1315353600
1299024000
1433462400
1297641600
1373587200
1480723200
1295049600
1209686400
1353196800
1305763200
1456531200
1473465600
1416355200,1421625600
1335312000
1378684800
1491177600
1500508800
1184630400
1457568000
1466121600
1244937600
1417651200
1351468800
1341187200
1309996800
1271808000
1464739200
1408838400
1451779200
1269302400
1490918400
1482624000
1300233600
1258070400
1271203200
1393891200
1294790400
1492300800
1377734400,1382140800
1355788800
1367712000
1474675200
1337558400
1480291200
1458000000
1409356800
1308355200
1302307200
1217289600
1253664000
1484092800
1401408000
1253577600
1264982400
1376870400
1328659200
1477785600
1505606400
1299888000,1396396800,1407196800
1476316800
1489190400
1401926400
1491782400
1298160000
1351814400
1215648000
1494460800
1366070400
1366416000
1275350400
1209254400
1473465600
1438128000
1353456000
1377561600
1392940800
1510963200
1341360000
1437264000
1487203200
1308268800
1271548800
1455148800
1286150400,1484265600
1458777600
1235347200
1326844800
1356566400
1508889600
1422403200
1314921600
1214006400
1436140800
1437264000
1332806400
1236643200
1504828800
1368316800
1350518400,1353024000,1361923200,1361923200
1504483200
1368662400
1232496000
1408665600,1408752000
1507420800
1323129600
1255392000
1416441600
1315785600
1508716800
1362614400,1363737600
1490054400
1469923200
1353369600,1355356800,1373760000,1411862400,1420502400,1439769600
1279152000
1461024000
1409011200
1250035200
1418947200
1251504000
1480291200
1333929600
1430265600
1420761600
1328659200
1453075200
1301184000
1395705600,1403654400
1394150400
1505692800,1505692800,1505692800
1332460800
1450310400
1393372800
1393632000
1402790400
1368921600
1486944000
1259884800
1497571200
1280880000
1309651200,1357344000
1495065600
1421193600
1333670400
1500336000
1435449600
1297209600
1407715200
1402272000
1381104000,1392595200
1302048000
1489708800
1431475200
1477785600
1281225600
1489363200
1406073600,1406246400
1434240000
1490054400
1451520000,1451520000
1397952000
1365984000
1370649600
1471219200
1500163200
1140480000
1384387200
1433548800
1297814400
1325116800
1262131200,1305936000,1307318400,1310947200,1332028800,1386892800,1406160000
1312848000
1416614400
1458172800
1391904000,1427155200
1398124800,1403654400,1418774400
1418256000
1362268800
1445644800
1399075200
1500163200
1335744000
1191801600,1202860800
1436400000
1429660800
1358899200
1306800000
1466467200
1494374400
1321920000
1307404800
1470614400
1301443200
1275696000
1465689600
1407628800
1332028800
1359936000
1300665600
1367971200
1462665600
1306800000
1262649600,1262649600,1263859200,1264809600,1310860800,1378944000,1452902400
1371254400
1383955200
1350518400
1333756800
1477872000
1351468800
1172448000,1172448000,1172534400
1436486400,1490313600
1394323200
1489536000
1293667200
1511481600
1485993600
1492128000
1357516800
1443225600
1398384000,1398384000
1298073600
1468022400
1398124800
1337644800
1483833600
1425600000
1438214400
1450137600
1259798400,1334793600
1462492800
1298764800
1283126400
1429315200
1333065600,1333929600,1334016000,1377734400,1378252800
1385856000
1349222400
1344556800
1438387200
1344038400,1347321600
1360022400
1369785600
1310515200
1216857600
1397606400
1182211200
1343779200
1393459200
1348704000,1348704000
1136764800,1136851200,1136851200,1138147200
1509926400
1441497600
1490572800
1388620800
1342656000
1425254400
1490659200,1495670400,1508025600,1509062400
1492128000
1325635200
1261958400
1316217600
1255996800,1255996800
1504483200
1394496000
1478736000
1456099200
1456876800,1505520000
1461369600
1332115200
1374278400,1374364800,1374364800,1501286400
1469923200
1419811200
1346025600,1346198400
1449014400
1362355200
1351814400
1407024000
1492300800
1499817600
1357776000
1281657600
1428278400
1406764800
1384041600
1314662400
1209340800,1209427200,1209427200,1209513600,1209600000,1210896000,1212883200,1220140800,1302048000,1302652800,1408233600,1434499200
1289088000
1343692800
1400284800
1343174400
1431820800
1425772800
1377993600
1448323200
1429660800
1320796800
1440979200
1333324800
1488931200
1245801600
1412121600
1367884800
1477699200
1487376000
1478390400
1472774400
1496361600,1500249600
1467849600
1211241600,1211241600
1360281600
1442707200
1444003200
1485561600
1413417600
1340064000
1309824000
1298592000,1433116800
1211846400,1211846400,1265500800
1269561600,1269561600
1363219200
1327536000
1439337600
1487203200
1264982400,1268092800,1276732800,1298678400
1468627200
1508889600
1187395200
1505520000
1451174400
1398038400
1363219200
1412899200
1495929600
1431302400
1392076800
1400025600
1508457600
1394496000
1509667200
1490659200
1226966400
1366761600
1445731200
1424736000,1457395200
1204070400
1327449600
1389398400
1493251200
1394841600
1388016000
1286236800
1509926400
1332201600
1386374400
1399248000
1350086400
1296086400
1458518400
1480550400
1365292800
1471824000
1218153600
1404259200
1408752000
1395878400,1498521600
1453420800
1441929600
1438905600
1266192000
1252454400
1420416000,1420416000
1153785600
1417478400
1299628800
1475366400
1321574400
1313452800
1493251200
1267228800
1331769600
1496880000
1454284800
1264118400
1393545600
1376352000
1430352000,1430352000
1169596800
1388102400
1399420800
1466208000
1357516800
1451347200
1282003200
1438041600
1336435200
1449878400
1406246400
1386979200
1311033600
1310947200
1365984000
1355443200
1352937600
1509148800
1451865600
1507939200
1378252800
1399680000
1491523200
1482796800
1354838400,1354838400
1497484800
1399852800
1423612800
1347235200
1216425600
1444348800
1390780800
1387324800
1505952000
1434844800
1438905600
1281744000
1368489600
1476921600
1414800000,1466553600
1456358400
1510704000,1510790400
1261872000
1352419200,1359590400
1187568000
1410480000
1462752000
1376870400,1380326400,1397347200
1190160000
1435104000
1281830400
1470528000
1267920000
1198713600
1308096000
1453766400
1494547200
1484352000,1484352000
1394668800,1397865600
1283904000
1421366400
1174089600
1327363200
1314230400
1418860800
1311638400,1325030400,1358380800,1366329600,1400025600,1464652800
1461542400
1502150400
1489190400
1254441600
1302393600
1503878400
1401580800
1339027200
1501372800
1504569600
1488585600
1298073600
1328486400
1481932800
1319155200,1365120000,1365638400
1322524800
1311120000
1480982400
1260057600,1294272000
1381276800
1498780800
1394150400
1335571200
1309910400
1342396800,1342396800,1405987200
1395619200
1326153600
1332720000
1301875200,1332806400
1456963200
1498003200
1368835200
1453075200
1491177600
1422748800
1505606400
1420934400
1460937600
1362960000,1362960000
1361145600
1269993600
1306454400
1274400000
1303430400,1308873600,1369958400,1379376000,1379808000,1426204800,1507766400
1275955200,1275955200
1365465600
1487548800
1222732800
1390089600
1420416000,1420416000
1292630400
1433721600,1476576000
1301097600
1323043200,1323129600,1323648000,1323734400
1418083200
1464307200
1292803200
1399680000
1300406400
1448150400
1352419200
1363996800
1391990400
1170892800
1231718400
1322524800
1313020800,1445385600
1436486400
1500768000
1457481600
1449878400
1381968000
1408492800
1410912000
1261094400
1361836800
1461196800
1481500800
1384041600
1231718400,1298073600
1296604800
1489708800
1187654400
1404000000
1406764800
1323820800
1262736000
1355184000
1287014400
1244592000
1436572800
1426032000
1210291200
1334707200
1359158400
1391817600,1480291200
1484784000
1439078400
1206662400
1273104000,1295481600
1307923200,1309392000
1469923200,1469923200,1469923200
1251676800
1371254400
1455408000
1277683200
1359244800
1422921600
1495929600
1499990400,1499990400,1507420800
1303084800
1415664000
1384128000
1437264000
1498521600
1302566400
1449878400
1241568000
1310601600,1345507200
1494720000
1315353600
1305158400
1217808000
1381104000
1448409600
1346716800
1508025600
1311379200,1372809600
1431043200
1340496000
1455494400
1395100800
1348704000,1388361600
1280188800,1310947200
1350432000
1288742400,1477526400
1432944000
1234310400
1405382400,1406419200,1411084800
1450569600
1272412800
1427932800
1469664000
1252454400
1205280000,1205452800
1482019200
1499817600
1486080000
1357084800
1298419200
1508371200
1418860800
1230076800,1230508800
1414540800
1304294400
1342051200,1426896000
1327795200,1511827200
1490832000
1262044800
1471046400
1336953600
1498694400
1382572800
1219017600,1262736000
1457740800
1362355200
1402012800
1279411200,1279411200,1334448000
1364774400
1199318400
1359417600
1173052800,1173052800,1173139200,1210636800,1241049600
1307059200
1448064000
1486598400
1510185600
1181001600,1181606400
1237680000
1157587200
1510272000
1177459200
1502928000,1503014400,1503187200
1352246400
1339804800
1420156800
1310601600
1400025600
1437436800
1330819200
1325376000
1304208000
1277856000
1213228800,1213228800
1475366400
1490400000
1457481600
1451606400
1309651200
1389484800
1346284800
1440547200
1448928000
1499472000
1297123200,1304208000,1311984000,1315267200,1315353600,1326067200,1326240000,1330041600,1330646400,1330646400
1510099200
1347840000
1460073600
1150848000
1177977600,1359936000
1400025600
1501113600
1399075200
1448409600
1200096000,1214956800,1219708800,1326326400
1297900800
1336694400,1389657600
1484524800,1484870400,1485820800
1483228800
1505174400
1438300800
1332028800
1431648000
1379894400
1389571200
1438128000
1411862400
1454803200
1237766400
1326326400
1496880000
1407024000
1427155200
1460592000
1486771200
1447891200
1348704000
1506384000
1329091200
1426464000
1144713600,1156118400
1457740800
1497398400
1410566400
1474934400
1447545600
1298592000,1298592000
1364342400
1275868800,1282262400,1294444800
1437350400
1338422400
1461974400
1431216000
1287878400
1310947200
1262476800
1343779200
1347321600
1486512000,1486771200
1250121600
1345852800
1391212800
1465430400,1465430400
1470096000
1480723200
1446422400,1510876800
1234828800,1234828800,1234828800
1478736000
1290988800,1304467200
1460332800
1398124800
1251158400,1297382400,1298505600
1297555200
1337731200,1391040000
1506211200
1272326400
1357862400
1461456000
1305849600
1256428800,1347235200,1347235200
1374451200
1332374400
1279324800,1321401600
1448755200
1427846400
1509580800
1269216000
1289088000
1354924800
1488412800,1488499200
1450310400
1244764800
1356480000
1502236800
1510617600
1479600000
1444953600
1472169600
1455494400
1510444800
1440288000
1474243200
1502064000,1502064000,1502064000
1451260800
1501977600,1509321600
1302912000
1272585600
1304121600
1310947200
1246147200
1347926400,1347926400
1480377600
1284163200
1498953600
1212451200
1290038400
1350086400
1464739200
1416787200
1270684800,1270684800
1146096000
1294272000
1289779200
1414800000
1436140800
1466553600
1439596800
1186704000
1197331200
1414540800
1289692800,1452038400
1392681600
1346112000
1287705600
1378857600
1354579200
1371945600,1390348800
1440288000
1363392000,1363392000
1446768000
1272758400
1474329600
1335398400
1459641600
1384992000
1431648000
1309910400
1261440000,1299369600
1419724800
1368748800
1350691200
1203552000,1211328000
1424131200
1301875200
1416182400
1384387200
1404777600,1404864000,1436313600
1398124800
1458950400
1494633600
1266537600
1182729600
1497571200
1474848000
1486080000
1441756800
1369872000
1445299200
1294272000
1370131200
1331510400
1234742400
1297209600
1442880000
1488412800
1315353600
1460505600
1417910400
1427500800
1383609600
1504051200
1484784000
1427587200
1422144000
1365033600
1444608000
1475798400
1488585600
1279670400
1367798400
1363910400
1196640000
1426723200
1473724800
1427846400
1292889600
1422144000
1262736000
1270080000
1304035200,1326412800,1449705600
1507593600
1491609600
1403136000
1401062400,1417824000
1476316800
1200960000
1388102400
1293321600
1412035200
1461196800
1299801600
1459209600
1462060800
1509580800
1462665600
1304121600
1313280000,1313280000
1362355200
1497139200
1317945600
1456531200
1361318400,1363478400
1289001600,1327795200,1351555200,1384560000,1386979200,1430179200
1443312000
1258934400
1485129600
1386201600
1399334400
1173744000
1330214400
1317772800
1314144000
1480118400
1255392000,1255478400,1255478400
1434240000
1415836800
1230336000
1397001600
1454976000
1279152000
1257206400
1397347200
1498694400
1505779200
1243382400
1385424000
1297814400
1315180800
1191196800
1299542400
1416700800
1412640000,1412640000
1310342400
1260662400
1474416000
1496102400
1424649600
1420416000
1506384000
1311379200
1297900800,1314230400
1224979200,1227052800
1311292800
1470009600
1354665600,1356739200
1285459200
1299110400,1299196800,1305936000,1326067200
1200528000,1507248000
1494288000
1318982400,1318982400
1438214400
1500681600
1307577600
1447804800
1461715200
1376265600
1507507200
1248048000
1357430400
1199318400
1494720000
1217289600
1391990400
1294358400,1357257600
1311379200
1374883200
1423872000
1223510400
1466121600
1493510400
1381968000
1438214400,1461542400
1468195200
1395100800
1215561600
1414281600
1308700800
1500336000
1367539200
1339804800,1339804800
1498435200
1276473600,1276473600
1322006400
1286323200,1286323200
1206921600
1391731200
1304467200
1407801600
1213833600
1429228800
1501977600
1213401600
1474329600
1447977600
1445299200
1427932800
1326240000
1446940800
1394928000
1286064000
1334966400,1334966400
1419811200
1430611200
1423872000
1428796800
1448064000,1474243200
1342224000
1311811200
1439337600
1371772800
1482710400
1213056000
1445990400
1336348800
1300233600
1490400000
1299456000
1424476800
1460160000
1394496000
1296604800
1446595200
1454889600
1458518400
1453680000
1480636800
1390176000
1442016000
1461024000
1287705600
1263600000,1274313600
1301529600,1306800000,1308182400,1322092800
1465171200
1439856000
1394582400
1314835200
1477353600
1497225600
1341619200
1447200000,1447718400
1413331200,1424822400
1392508800
1422230400
1309651200,1375142400
1417996800
1504396800
1348012800
1233705600
1484524800
1378857600
1423612800
1373414400
1419206400,1509667200
1229817600
1436745600
1403654400
1201478400,1201564800,1239667200,1288224000
1214006400,1226361600,1226361600
1424736000
1361577600
1504915200
1491177600
1437868800
1210291200
1371254400
1501632000,1509753600
1342569600
1480464000
1512259200
1295222400
1405296000
1371081600,1384905600
1413763200,1414022400
1262563200
1331596800
1355875200,1436659200,1440288000,1442793600,1449273600,1508198400
1180483200
1325721600
1413331200,1413331200
1380672000,1380672000
1444262400
1389657600
1483747200
1368921600
1396224000
1508544000
1453248000
1363651200
1391040000
1423267200
1503100800
1454025600
1428105600
1223337600
1297036800
1292803200
1187395200
1452470400
1236124800
1331251200
1343520000
1313625600,1313625600
1330905600
1443484800
1293753600
1430179200
1487548800
1358035200,1358467200
1268352000
1488844800
1343520000
1415232000,1415232000,1415232000
1312156800
1390262400
1245024000
1214006400
1440806400
1419552000
1276992000
1504396800
1252972800,1252972800
1507939200,1507939200
1281657600
1376092800
1203379200,1324252800
1386115200
1326240000
1326844800
1418515200
1318982400
1460246400
1257552000
1415923200
1404086400,1404259200,1424563200
1459728000
1440115200
1271721600
1444348800
1492560000
1485388800
1332633600
1407628800
1469232000
1511395200
1230681600
1408233600
1505088000
1353196800
1460678400
1375228800
1381276800
1342656000
1283731200
1412899200
1247702400
1355875200
1272499200
1283731200
1306800000
1453852800
1384819200
