46,120,145,202,207,218,278,336
41,153,184,345,350
75,117,254,358
10,42,66,225,248,289,401,437,506,533
90,545
0,31,33,35,42,151,152
58,95
75,225,241,261,263,320
58,113
8,79,84,107,137,250,360,381,419,474,476
41,106,229,264,358
17,43,57,84,119,120
33,124,148,167,225,327,384,424
13,14,35,80,104,134,166,167,201,209,305,398,473,496,537
2,32
4,6,17,20,23,28,39,53,61,127
14,80,132,148,196
3,8,40,44,46,107,201,206,297,305,307,413,477
7,18,34,44,63,100,109,144,145,146
32,84,103,120,145,191,204
123,323,548
391,458,459
65,167,231,326,327
15,16
117,234,264,407,444,445
8,9,39,44,71,101,140,164,168,197,200,211,312,313,314,329,338,345,355,362,404,412,484,498,512,513
21,92,208,337
3,19,44,78,159,189,190,191
8,23,35,44,45,77,89,159,162,163,169,182,218,267,311,338,388,389,405,409,440,441,467,472,500,512,519,535,552,560
227,370,408
33,76,166,192,193,194
13,92
8,32,62,67,83,97,186,187,188
229,363,389
8,34,102,162,220
44,153,214,215,227,316,363,407
456,517
20,32,41,65,120,141,201,207,225
16,20,169,304,510
16,218
5,31,48,77,109,111,175,181,186,188,253,268,279,286,295,308
19,107,108,159,165,191,297,304,322,352,379,380,396,426,515
326,389
14,284
153,363,437
2,8,11
44,154,240,250
4,17,22,38,42,48,57,73,99,101,109,111,114,115,116
57,125,134,148,156,158,166,167,193,247,248,289,429
64,241,250,283,333,351,382,419,446,475,488
94,95,96
10,17
11,32,47,49,78,165,221,241,242,243
11,65,185,225,305,310,324,360,461,504
423,424
41,106,389,445
44,214,233,234
8,50,53,54,73,83,101,144,152,155,164,168,178,186,220,237,272,281,293,318,386,409,458,551
3,25,36,53,58,68,72,82,111,168,169,170,171
10,12,13,29,156,158,167,219,220
13,14,55,142,143
8,11,120,265,379,461
44,122
12,55,56,66,111,142,220,224,250,305,400
232,235,236
20,119,145,185,218
14,517
20,43,50,79,108,241,305,321,380,426,446,516,536
4,7,67,68,69,70,71,72,73
24,38,42,44,48
122,365,366
20,44,106
8,53,54,71,102,135,145,178,220,250,254,273,375,376
216,218,251,259,457
57,66,88
76,110,131,196,228,298,544
12,29,94,209,248,324,518
2,8
239,509
32,207
24,28,32,52,60,71,77,109,115,116,128,135,151,162,220,272,280,281
110,112,126,248,401,464,507,526
93,284
3,32,46,57,130,203,304,306,327,446,488
27,33,70,175,201,253,329,390,409,431,469,481,484,492,559
57,218
29,66,95,96,131,132,224,250,274,275,300,400,424,435,438,489
19,32,57,58
41,118,229
30,50,51,53,109,145,152,160,169,182,183,186,198,254,280,317,319,441,442,458,474,492
13,59
232,236,259,282,377
4,17,18,25,36,62,85,146,151,168,181,199,261,267,312,313,317,354,362,377,387,404,419,471,491,514,533,540,545
2,129
50,54,69,155,168,175,176,177,178,179,180,181,182,183
95,366
10,13,57,95,112,142,167,230,248,285
8,218
86,128
35,42,57,66,133,166,193,285,288,298,341
131,238,327
58,66
229,254,296
153,154
87,218
4,22,32
14,35,59,110,125,126,250,273,274,275,276
2,3
13,147,148
3,241,256
8,28,45,50,105,111,137,161,176,316,317,318
0,32,33,44,60,61,83,115,127,141,146,160,161,163,171,182,210,220,261,267,272,293,305,313,317,338,367,368,369
41,118,233
47,269,342,426,446,516
1,30,32,57,59,177,188,218,220,223,248,261,279,303,305,316,331,332,334,335,344,367,376,390,409,412,418,432,490,513,523,535
17,23,32,33,100,105,199,237,248,273,314,380,419,440,467,482,499,502
38,54,71,72,73,111,169,179,181,200,220,223,261,270,279,302,305,313,318,342,377,405,501,551,552,553,554
296,423,487,493
141,165,204,241,243,336,372,425,426,427,428
44,50,103,107,190,201,205,225,359,446,447
17,43,50,58,79,206,218,278
44,225,233,240,340,434,455,456
260,284
58,326
218,269
150,409
13,33,55,56,57,58
128,232
4,36,39,44,45,54,58,61,111,128,135,139,159,176,213,222,245,249,255,258,286,311,333,339,342,354,367,377,380,388,402,409,501
88,156,225,230,248,341,479
248,397,398,399,400,401
59,416
1,3,8,9,25,31,42,57,97,98,99,100,101,102
44,75,118,229,264,320,370,408
41,92,337
11,47,50,107,129,130
17,19
12,13,55,81,158,174,224,300,311
4,7,30,38,42,48,60,67,137,152,154,169,210
20,33,37,44,153,154,250,277,316,350,358,405,525
2,50,141,205,278,336,410,414
58,65
66,167
76,148,219,228,285,390,429,442,450,463,533,561
2,46,50,141
7,20,23,44,45,53,57,67,85,176,210,245,261,268,272,281,311,316,331,355,375,376,380,410,439,440,443,468,484,485,535,547
4,36,39,44,100,141,154,162,187,249,295,313,316,338,409,419,439,440,441,442,443
17,43,50,139,190,243,304,305,315,319,342,373,378,390,413,426,447,529
10,14,29,33
8,77,111,144,220
41,57,58,103,204,241,305,394,411,446,454,534
50,130,221,250,252,409,410,411,412,413,414,415
234,240,263,316,363
91,215,240,433
58,66,150,167,231,409
6,26,27,36,44,161,163,201,305,312,317,333,354,389,409,431,471,472,521,523,539,540
13,35
56,110,111,133,147,209
241,277,370,371,434,456
17,23
41,43,130,155,218,225,242,250,315,378,409,426,488
42,80,81,157,166,195,201,279,287,289,311,417,449
3,7,8,10,18,30,42,73,111,127,171,267,268
58,103,130,165,241,243,359,360
113,129,149,389,542
20,43,185,189,206,207,333,380,504
40,145,218,242,265,283,304,341,342,351,419,426,434
58,112,157,228
11,47,107,202,319,333,360,390,426,460,461
75,233,234,296,340,444
3,4,5
13,21
90,250,263,296,389,445,455,525
8,65,79,107,108,155,191,256,269,322,324,364,373,392,393,394,395,396
28,33,35
44,106
88,131,225,299,311,442,473,506,507
2,64,130,141,155,189,190
27,58,109,111,151,159,169,176,179,201,210,218,245,317,329,345,377,380,389,409,452,453,454
40,44,46,50,103,130,137,159
71,98,161,197,198,199,200,201
15,304
25,30,109,127,161,168,177,198,226,237,246,254,261,294,342,380,394,402,403,404,405,406,407
59,260,416
37,41,90,524
148,209,248
239,304
14,41,337
12,33
17,19,84,120,218,297,307,310,315,494
44,250,263,389,437,445
236,424
20,32,65,202,203,204,205,206,207
192,247
42,58,105,161,177,186,248,249,267,295,303,321,329,333,342,362,367,452,467,502,512
3,7,9,20
8,17,22,89
56,80,94,96,192,193,194,195,196
8,20,49,137,141,221,307,321,412,474,477,516
333,451
44,240,261
9,18,23,35,39,59,73,101,152,154,180,218,223,302,314,316,338,339
16,277
366,548
57,296
57,133,174,196,225,238,298,299,300
149,150
33,81,95,104,124,143,195,230
41,208
0,3,8,34,42,60,69,89,99,100,116,136,139,140,144,154,198,271,313,332,335,338,356,380,386,390,402,432,454,490,514,532
41,371,405,524
4,17,111,171,183,213,261,271,272,273,280,308,342,347,380,389,409,419,430,439,466,501,563
44,74,75
4,6
4,24
14,208
8,25,97,144,151,155,177,218,261,267,272,294,295,316,321,342,344,490,511
8,32,40,42,130,139
27,51,52,53,54
64,65
65,497,519
11,42,47,57,165,221
113,149,150,231
29,33,57,96,134,167,266,346,390,424,438,464,473,480
58,95,174
88,148,209,266,274,275,346
0,1,4,44,54,58,140,175,253,254,255
134,156,194,195
65,165,204,205,207,225,237,243,319,327,352,364,381,414,427,475,494,534
173,493
66,129
269,290
106,214,345,390,433
153,261,263,277
3,4,17,36,82,89,116,140,151,155,168,197,255,279,303,319
4,22,36,45,50,54,57,140,163,171,181,186,218,220
57,216,217
32,57,58,78,103,218,250,283,305,380,460
3,108,218
21,337
1,32,59,63,68,111,128,141,162,180,237,272,280,286,293,314,346,387,390,394,409,412,418,430,481,482,483,501,545
122,123
153,227
33,37,49,91,117,118,433,524
14,41
57,259
232,538
7,33,38,53,57,58,67,136,164,200,226,244,267,271,292,294,333,334,335
7,18,20,26,38,63,77,109,111,212,218,223,261,267,293,305,313,331,332,361,369,377,387,403,407,420,439,442,454,468
340,345
11,17
2,3,32,41,42,50,57,64,190,218,269,304,322,373,380,415,432,447
11,40,41
4,5,32,42,44,45
65,113,231,326,333,451,542
19,42,57,191,205,237,265
251,282
129,167
65,353,389
12,59,88,124,125,126
107,139,203,218,297
81,110,112,126,230,250,275,276,417
29,35,37,57,94,126,193,230,273,399
87,218,232
90,214,277
265,304,305,306,307
167,327,451
32,64,107,119,252
24,28,35,105,151,237
8,26,33,48,53,54,69,98,211,222,253,267,281,291,313,332,347,357,369,380,409,418,419,420,421,422
74,229,233,261,296
23,25,38,39
13,29,33,56,201,220
57,173,218
1,4,6,8,28
37,42,57,88,142
58,129
4,6,18,20,31,38,50,60,82,105,116,136,139,175,178,199,200,279,311,312,313,334,344,346,376,409,410,412,442,467,519,521,522,523
10,33,35,81,110,111,112
44,78,139,202,225,372,373
320,408,455
15,20,130,239
1,4,6,22,25,52,199,213,220,248,270,311,312,313,314
93,121,502,517
15,130,277,290
122,374,505
457,458,459
8,32,50,53,97,145,151,188,218,261,347,377,407,409,421,469,519
57,423,487
32,103
35,37,132,133,157,192,248,250,275,327,397,442,537
4,20,23,33,77
509,531
8,84,130,145,155,185,189,204,250,269
37,44,229
4,30,31
218,458
76,96,110,124,132,143,167,192,230,247,250,273,287,305
8,9,27,32,42,45,51,54,60,70,85,128,159,160,161,162,163,164
65,113,231,254,301
2,107,119,202,218
37,172,234,250,345
58,353
113,149
33,49
3,8,17,73,97,98,100,101,111,146,159,161,170,176,226
49,316,437,503
50,130,203,206,218,241,250,265,304,381,393,394,415,428,460,481,494,546
14,33,58,94,134,156,194,195,220,228,250,276,289,299,343
66,150,327
64,108,120,185,191,202,256,454,494
374,409,448
33,123,409
12,13,14
8,32,40,44,50,137,139,155,205
497,543
33,110,192,209,247,266,276,299,383,398,442,478
9,18,32,33,51,52,54,63,70,83,89,115,198,211
17,27,42,54,63,69,72,100,114,139,168,169,201,212,218,222,246,280,342,361,362
44,164,182,183,188,212,213
87,217,235
301,497
150,254,353
57,128,282,391,459
88,343,437
57,86,87
132,157
125,158,196,225,276,299,346,384,432,478,480,544
236,296,487,557
4,17,23,28,57,63,73,101,111,140,223,250,255,314,317,319,354,355,361,367,409,490,491,492
111,147,228,325,383,384
32,51,62,70,155,161,163,218,220,261,308,338,339,362,375,389,474,501,511,512,513,514
10,14,58,59,96,142,201,266,279,288,305,327,424,478,479,480
14,21
37,75,90,214,215
129,130,141,218,474,504
12,55,56,58,59,142,174,195,238,247,287,324,327,343,417,437,555,556
1,4,8,10,24,26,30,52,59,77,89,102,154,210,211,212,213
10,24,26,44,51,62,85,99,128,170,177,187,211,237,249,261,281,305,321,342,344,345,346,347,348,349
10,24,52,60,69,70,89,115,141,162,179,220,226,244,253,261,281,305,308,316,334,357,368,380,386,394,409,474,501
235,236
33,194,250,288,298,325,397,449,495,541
41,118,250
32,84
17,20,42,65,165,190,304,306,310,319,322,359,379,380,475
167,385
91,106,241,250
86,296,458,514
50,59,82,97,109,137,159,161,180,181,182,267
4,5,8,35,42,44,54,68,71,85,99,135,144,145,146,168,171,181,212,220,248,261,303,321,342,349,356,380,390,466,467,468,469,470,471,472
46,47,107,145,203,218,252,278,305,315,412,419,426,477,546
131,132,133,134
74,184
5,26,31,42,44,61,62,69,71,99,135,179,180,187,201,222,223
13,29,196
269,277,520
254,389
2,32,84,130,201,205,237,242,256,476
74,106,117,184,215,240
44,172,215,250,370,371
123,323
58,65,78,189,190,237
13,104,196,285,300,324,463
8,19,46,50,57,65,108,120,242,250,269,305,324,327,341,342
184,264,309,437
4,32,34,39,42,44,138,159,162,179,183,218,257,261,316,329,330,331,332
66,301
137,145,185
32,49,50,137,191,204,205,250,321,322
57,87,216,282,487
8,32,40,42,79,107,155,252,364
4,39,51,69,89,100,105,145,186,218,261,270,271,272
3,6,7
41,155
27,59,67,163,178,246,261,330,333,335,349,389,409,469
129,139,218,237,241,321,327,333,352,394
33,35,44,53,57,62,83,141,161,183,198,220,222,223,250,261,262
86,128,235
9,24,42,48,52,62,83,114,137,155,175,178,183,199,212,220,222,261,273,292,334,338,344,345,368,403,406,409,417,422,441,442,472,474,486,513,519,540
16,169,269
13,37,59,80,81
0,17,20,23,27,39,53,68,72,136,145,175,178,197,218
8,43,46,64,107,130,185,218
17,49,107,137,250,304,305,333,372,393,409,434,515,558
250,345,350,390,503
91,215,241,316,390
69,109,114,138,141,268,321,338,420,421,467,486,528,532
14,21,121
42,66,209
12,56,148,209,219,248,299,325
39,50,85
57,238
169,290
95,225,248,324,325
5,20
44,366
16,304
218,290,328
55,80,95,143,147,201,238,247,276,285,324,343,435
41,90,214,234,409,434,515
8,20,42,43,44
129,519
37,125
44,184,234
124,156,166,383,399
32,58,103,139,191,221,250,283,306,333,382,395,425,564
58,81,112,225,230,287,478,486,489,507
81,94,147,157,530
87,216,251
21,284
41,117,118
20,41
224,225
1,6,10,25,42,59,82,85,116,128,155,168,177
13,14,59,88,194,224,341,384,449,450,463,479,526
8,9,10
58,365,462
49,119,130,145,203,207,341,351,372,373,392,393,411,515
17,49,50
33,44,105
15,465
31,32,45,163,200,261,279,291,292,293,294,295
58,112,132,274,401
173,282
94,104,111,193,273,274,288,305,398,400,417,429,496,518,530
58,301
42,49,129,137,139,218,305,352,481,515,516
21,92,284
35,37,42,57,192,194,196,273,300,343,489
57,424,538
16,20
13,59,96,133,248,250,429
8,17,18
20,309,320,370
49,117,233
33,59,111,112,147,219,225,279
29,37,57,104
49,58,165
33,56,66,95,174,195,219,220,238,274,298,449,450
33,374
74,172,407,444
32,50,189,204,221,265,333,382,425,446
4,44,53,58,109,114,127,138,139,160,168,199,200,218
4,44,48,51,53,67,100,135,139,140,154,170,179,180,197,198,211,222,246,254,270,279,302,314,317,319,330,333,339,355,380,409,417,468,485,498,499,522,549,562
149,389,508
95,409,436,448
44,91,172
33,154,340
88,94,147,219,224
79,207,218,297,333,336
1,8
1,4,5,8,22,28,31,34,35,42,44,48,57,62,68,73,82,83,138,146,168,188,262,268,271,279,303,313,317,342,356,375,376,380,389,409,419,466
86,232
5,135,136,137,138,139,140
37,227
20,90,214,227,264,309
13,37
93,109
86,259
10,131,158,174,225,298,397,495,518
214,233,350,390,545
11,47,84,206,241,252,315
80,104,285,486,495,496
35,59,126,134
13,57,125,126,142,174,300,495
57,156,157,158
37,42,58,80,96,104,111,124,131,158,193,279
8,10,22,30,39,51,61,70,77,127,164,170,171,187,279,291,308,316,330,380,442,470,533,535
169,531
109,337
86,217,391
128,235,236,296,377
41,154,184,227,407,456
0,4,6,36,58,82,83
231,353
128,259,493
3,22,52,59,83,102,114,138,164,213,261,270,273,279,280,305,377,458,472,474,481,482,483,484,485,486
44,47,129,189,218,250,269,359,372,392,395,409,410,414,425
12,66,166,266
0,5,7,8,22,31,42,54,61,97,99,109,115,127,137,250,257,261,294,314,333,342,380,422,442,511
95,123,436
57,173
44,118,363,371,524
33,44,74,154,250,350,515
13,14
10,42,57,133,143,248,266,289,518
462,505
13,94,125,131,225
46,47
6,32,42,53,72,98,102,114,175,261,270,338,406,452
78,79
33,158,195,220,250,279,311,541
76,166,167
3,17,42,127,161,170,171,180,250,318,346,347,417,418,453,483,491
0,33,85,99,116,136,137,154,181,187,201,210,220,257,272,279,291,292,302,348,405,410,470,481,500,521
41,91,117,172,241,254
0,1,17,24,33,42,44,72,89,97,115,137,180,182,257,258,262,267,272,318,330,333,368,498,499,500,501,502
128,217,235
19,107,130,202,250,307,336,392,394,410,411
20,154,184,225,261,390,405,409,469,473,515
13,111,192,279,311,486
64,79,107,108
17,32,41,107,129,201,203,256,310
8,32,185,189,206,297,351,426,428,432
4,6,22,26,27,36,38,61,63,70,85,102,111,144,155,177,187,212,218,237,286
269,277,328
55,66,96,174
44,52,60,71,105,111,116,128,145,160,176,218,220,244,245,249,262,291,316,342,346,361,394,406,452,540,547,553
21,93
4,22
10,142,157
95,134,147,156,219,238,248,275,288,341,346
44,75,91,215,227,254,358,390,473
74,172,240,254,309,525
33,323
1,25
3,32,78,119,218,306,327,333,341,380,426,427,434,536
173,217
11,19,32,159,243,252,324,364,394,412,434,461,481
217,251
58,409,448
26,27
8,9,34,39,99,101,152,178,199,211,213,218,248,249
235,457
21,121,456,517
254,327,333,389,451
10,17,18,26
49,74,225,261,296,320
8,33,42,48,146,154,179,188,244,245,246
4,6,9,10,20,26,28,33,38,39,68,72,82,98,136,161,210,212,226,286,292,295,305,313,316,345,348,349,356,357,369,375,402,407,453,454,472,474,482,483,502,519,539
41,118,172,184,241,250,296,371,405,408,409
44,366,505
92,121
65,167
32,41,78,119,218,237,250,321,378,379,380,381,382
13,33,76,124,132,133,143,224,463,464
14,57,76,125,143,194,228,325,489,506
20,509,510
33,74,106,409,434,473,515
20,33,172
20,510
40,44,78,119,155,159,201,241,242,256,341,342,390,394,396,413,454,460,469,488
54,98,109,115,135,159,160,168,213,226,261,267,294,349,419,420,453,458,466,491,499,549,550
12,42,76
13,260
33,55,76,81,143,228,248,250,287,288,289
4,18,28,31,33,82,109,146,152,182,197,218,220,253,254,255,314,316,339,357,380,388,409,467,474,492,511,522
49,50,79,141,203
41,92,121
8,107,218,221,250,278,283,304,305,319,364
5,8,18,34
53,54,72,98,136,164,168,201,210,220,226,257,258
20,33,41,90,91
4,8,24
8,19
149,385
216,282,377,423,514
33,44,58,95
129,301,409,519
20,30,68,70,97,98,109,144,198,245,258,262,291,333,342,354,355,356,357
13,59,93
4,5,17,25,33,35,39,44,101,102,138,168,211,244,246,250,257,258,262,313,319,342,348,361,369,389,404,498,500,527,528
84,218,304,310,324,359,360,378,476,481,529
232,251,259
107,108,190,202,241,250,283
2,8,58,64,159,241,250,278,304,305,454,474,475,476,477
57,173,216,251,424
121,435
113,327,508
15,277,510
0,8,33,36
13,93
153,215,263,264
225,277,309,340,433,444,503
33,37,57,124,193,220,273,383,399,506
4,5,17,20,23,25,44,67,68,114,138,139,160,169,170,176,197,261,273,279,302,303
123,462
333,353,508,543
0,1
20,44,49,117,254,358
465,509
34,45,67,128,152,170,183,218,244,292,293,302,331,348,380,417,430,431,432
92,93
8,30,34,44,59,60,61,62,63
20,41,129,206,218
56,57,80,104,126,201,248
3,24,32,34,39,42,58,63,102,161,187,200,255,258,261,368,377,389,403,410,443,470,474,501,521,527,550,554
13,55,157,250,287,341,346,390,437,438
4,7
3,40,42,43,159,237,351,352
3,20
14,29
37,44,49,75
7,9,10,42,53,61,77,160,186,188,197,268,271,272,286,333,335,386,387,388,389,390
