1500768000
1366761600
1290729600
1262044800
1402444800
1435017600
1333497600
1438041600
1490227200,1493942400,1505520000
1454544000
1305936000,1305936000,1305936000,1305936000
1451692800
1416700800,1512518400
1404864000
1269648000,1270598400,1279238400,1284076800,1284076800
1458604800
1409961600
1437264000,1441756800,1444694400,1444780800,1444780800,1444780800,1445558400,1452211200,1495929600
1454976000
1361318400,1368057600
1446508800
1371081600
1437523200
1480550400
1344988800
1423008000,1450483200,1457049600,1463270400,1475971200,1478995200,1489190400,1491091200
1457827200
1480723200,1490918400
1474502400
1395619200
1477785600
1215561600,1245024000,1247270400
1395532800
1387756800
1330819200
1509926400
1493337600
1478304000
1505433600
1502928000
1335312000
1370822400,1395187200,1399248000,1429056000
1193097600
1419724800
1429920000,1430092800
1371945600
1458345600
1410825600,1454803200
1482364800
1301097600
1481414400
1363737600
1304899200,1489708800
1368921600,1481068800
1311120000,1311120000,1314576000,1314835200
1418169600
1452124800
1383436800,1385164800
1496707200
1417305600
1506643200
1474934400
1501286400
1461801600
1424995200
1409011200
1418947200
1326931200
1499817600
1454198400
1498003200
1463616000
1475107200
1209340800
1369526400
1389225600
1472947200,1489968000,1501632000,1504656000
1126828800,1126828800
1493078400
1496016000
1294272000
1310083200
1262044800,1300406400
1510444800
1474934400
1462492800
1441929600
1498348800
1414886400
1394409600
1306108800,1306108800
1344816000
1404345600,1404604800
1392854400
1492560000
1495411200
1402444800,1484438400
1488585600
1485734400
1359072000
1490140800
1425340800
1475452800
1402185600
1431907200
1440806400
1285977600
1355616000,1356739200,1398729600,1447977600
1395273600
1372723200
1250726400
1315699200
1453939200
1157068800,1157155200
1351382400
1503878400
1310256000
1463356800
1369180800
1440806400
1384560000
1448841600
1271289600
1367366400
1509926400
1509148800
1383955200
1510963200
1506816000
1495756800
1294012800
1377043200
1500076800
1313625600
1398988800
1509753600
1419984000
1381968000
1214006400,1217116800
1468886400
1289952000
1480032000
1251504000
1410566400
1423267200
1422144000,1512691200
1353801600,1353801600
1413590400
1400025600,1496880000
1379289600
1473552000,1505606400
1397865600
1348185600
1388793600
1499385600
1437609600
1437782400
1441756800
1339545600
1355270400
1456272000
1270339200
1404432000
1349049600
1341014400
1345593600
1392422400
1414540800,1432857600,1465430400
1494633600
1488585600
1483920000
1383868800
1391558400
1491609600
1403222400
1411257600
1412553600,1488931200
1472083200
1461801600
1174780800,1179100800,1179100800
1494115200
1377302400,1377302400,1377302400
1502323200
1265155200,1317168000,1390867200
1388188800
1263945600,1266105600
1475971200
1279756800
1502409600
1298678400
1473638400
1403481600
1467849600
1260662400,1265241600,1290297600,1291507200,1291680000
1375228800,1436227200
1487808000
1471651200
1337558400
1495497600
1393200000
1444003200
1478736000
1401148800
1406505600,1406937600,1406937600,1463961600
1419120000
1395619200,1453593600,1456876800
1428019200
1499212800
1477008000
1388793600
1414886400
1413849600
1396310400
1250380800
1428105600
1510704000
1357948800
1404086400,1469404800
1499126400
1360368000
1302998400,1312588800,1315785600,1318636800,1336348800,1341014400,1353110400,1372204800,1380758400,1455926400
1493942400
1219795200,1237766400,1239494400,1252713600
1459036800
1392249600,1401840000,1403222400
1431475200
1410652800
1510444800
1494028800
1438473600
1453680000
1282953600
1325980800
1506211200
1456704000
1495238400,1502841600
1417132800
1379030400
1393632000
1213920000,1214784000,1214956800,1221004800
1349481600
1444608000
1440979200
1434758400
1511568000
1439683200,1439942400,1440720000
1440201600
1234915200,1326326400,1326326400
1301270400
1308787200
1373673600
1456012800
1388102400
1374537600
1361404800,1393372800,1418256000
1459641600
1474329600
1469318400,1510358400,1511049600
1501027200
1490745600
1377907200
1376956800
1376092800,1376092800
1495238400
1454457600,1454457600,1454457600,1454803200,1455062400,1455062400,1455321600,1494547200
1409270400,1419638400,1430870400
1332979200,1389571200,1414022400,1418860800
1431993600
1445817600
1476230400,1488672000
1502064000
1505347200
1286496000,1299628800
1387756800
1404777600
1336176000
1442534400
1503187200
1293062400,1297641600
1357948800
1436745600,1489190400
1464998400
1338249600
1420588800
1194048000
1490227200,1494028800,1510963200
1446076800
1415059200,1415059200
1363305600
1452988800,1455148800,1456358400
1510444800
1439337600
1368230400
1446854400,1501200000
1312761600
1487376000,1502236800
1424822400,1508889600
1317686400,1329264000,1343692800,1346457600,1350518400,1351382400,1357430400,1359331200,1370217600
1385856000
1382227200
1389225600
1297555200
1413936000
1506729600
1481414400,1507161600
1512172800
1357344000
1399420800
1510099200
1309564800
1471737600
1356912000
1497571200
1422403200
1500681600
1385251200
1503878400
1436400000
1368662400,1459814400
1320278400
1298246400
1436227200
1244937600,1245974400
1411430400
1505260800
1295136000
1467763200
1483401600
1300147200
1488672000,1501545600
1376697600,1439942400
1423872000
1348444800
1490918400
1294531200
1390780800
1397779200
1342569600
1383609600,1434240000,1491609600
1459728000
1506038400
1438646400
1461369600
1376438400
1508889600
1464739200
1468108800
1456617600
1239321600,1375833600
1406851200
1497916800,1497916800
1327968000
1355875200
1447545600
1492646400
1472342400,1480118400
1497225600
1508371200
1407715200
1245110400
1302652800
1503532800
1414540800,1444089600,1504569600,1510876800
1411344000
1398816000
1295913600
1454803200,1456099200
1487376000
1388188800
1339718400
1484956800,1503619200
1367107200
1303344000
1275523200
1235174400,1235174400,1235174400
1454889600
1509235200
1479081600,1506556800
1412726400
1429228800
1443225600
1275177600
1407024000
1295395200,1295481600,1295481600
1403568000
1464393600
1311638400
1292284800
1491350400
1300838400
1503619200
1459555200
1218585600,1218585600
1468108800
1435449600
1455235200,1468108800,1481846400,1485648000
1416787200
1163894400,1175990400,1178928000,1181347200,1183420800,1183420800,1230854400,1266192000
1508457600
1494115200
1476576000
1484352000
1505260800
1442361600
1493078400
1454976000,1462579200
1385769600,1391040000
1404864000
1462233600
1344729600
1370131200
1390262400
1378080000
1401408000
1421366400
1413590400
1280361600,1281225600,1282867200,1288483200,1290038400,1292198400,1296864000,1303257600,1303603200
1275177600,1275177600
1493424000
1408320000
1437868800,1461369600
1306540800
1407628800,1469750400
1464998400
1183507200
1447372800
1425859200
1433289600,1433548800,1433635200
1306368000
1465689600
1475193600
1374537600
1472083200
1462924800
1366934400
1404604800
1347667200,1367884800
1314576000,1378339200,1381276800,1383350400,1400889600,1419206400,1425081600,1425168000,1453507200,1460851200,1490745600
1417996800
1447372800
1383436800,1392595200
1447459200
1313712000
1391731200,1400630400
1334448000
1368662400
1468281600
1494028800
1448496000
1398470400
1376438400
1260057600
1460419200
1410307200
1329609600
1429488000
1385424000
1321228800
1488499200
1267747200
1280102400
1435449600
1339718400,1339718400
1295222400
1355529600
1402444800
1369008000,1426982400,1427587200
1506902400
1502409600
1355616000
1392508800
1367884800
1310428800
1446508800,1453680000,1453852800,1460332800,1461196800,1476748800,1482105600
1302393600
1481414400
1401235200
1251676800,1261872000
1436659200
1361404800
1290297600,1384646400,1402876800,1420156800
1380585600
1307232000
1487289600
1370736000
1454976000,1494633600,1495497600
1375488000
1407715200
1329955200
1432771200
1494892800
1177372800
1347580800,1349049600,1351123200
1137196800,1137196800,1137196800,1137196800,1137196800,1137196800
1394236800
1340236800
1424390400,1424563200
1266019200
1443744000,1446768000,1487721600
1437609600
1335744000
1426550400
1433116800
1353628800,1353888000,1353888000,1354406400,1354406400
1476662400
1490054400
1185494400,1466985600
1494633600
1403568000,1403568000
1398297600
1453075200,1468800000
1411689600
1375833600
1334534400,1361232000,1365811200,1372032000,1372204800,1392854400
1296518400
1406073600
1475280000
1192752000,1253836800,1284076800,1423526400,1497398400
1439337600
1502582400
1365811200
1316736000
1419033600
1436918400,1436918400
1390953600
1455235200
1294272000
1479686400
1507334400
1510531200
1411603200
1337558400
1475971200
1406332800
1480204800,1512172800
1382400000
1466208000
1336608000
1327449600,1336608000,1355356800,1378425600,1421020800,1428883200,1439769600,1440374400,1453939200,1487808000
1304553600
1421971200
1407369600
1461196800
1504396800
1508457600
1382572800
1455753600
1473120000
1261699200,1262044800
1285718400
1392163200
1353283200
1498348800
1345680000
1434844800,1453680000,1469577600,1497398400,1497830400
1391990400
1430870400
1498608000
1351900800,1351900800
1251849600
1285286400
1268006400
1426204800
1182297600,1182384000,1206748800,1270425600,1378339200
1473379200
