61,98,102,123,168,174,203,205,218,228,232,239,289,306,326
19,43,50,65,73,83
88,119,140,165,168,172,176,184,218,228,230,233,237,242,255,259,278,306,329
40,212
89,90,100,126,132,141,152,202,240,262,312,321,335
0,4,13,16,19,23,39,44,52,273
149,190,214
9,29,41,61,83,193,198,381,429,434,481,524,557,625,626,627,628,629,630,631,632,633,634,635,636,637,638,639,640
0,5,12,16,20,23,26,33,192,336
16,20,61,77,81,239,453,478,488,491,527,564,604,669,713,781,782,783,784,785,786,787,788,789,790,791,792,793
41,73,84,86,88,95,110,111,112,119,135,139,141,142,144,175,188,200,204,225,227,242,257,259,298,303,309,313,315
73,89,92,93,101,102,104,115,116,118,119,139,145,147,164,171,172,175,179,185,199,202,218,219,222,241,254,260,263,264,274,275,292,293,295,301,314,320
40,86,148,149,213,246,248,271,272,285,299,337,342,348,349,350,351,356,358,363,365,403,411,796,844,994,1059,1060,1061,1062,1063
219,249,342,346,391,392
73,102,105,130,137,143,144,171,173,178,179,219,228,233,260,305,307
41,85,86,98,99,118,126,146,168,171,176,177,201,205,216,227,276,289,290,293
17,24,32,43,61,78,79,80,86,87,90,205,237,300,310,336,451,452,453,454,455,456,457,458,459,460,461,462,463,464,465,466,467,468
23,33,36,37,38,48,53,69,70,76,118,129,239,286,383,394,475,477,478,479,480,481,482,483,484,485,486,487,488,489,490
408,417,426
12,13,14,15
86,90,158,191,215,245,247,270,345,350,374,390,414,432,601,820,992,1070,1071,1072,1073
9,23,40,46,67,87,90,144,158,310,344,381,384,394,557,606,651,665,707,709,749,753,754,755,756,757,758,759,760,761
40,158,159,274,351,356,358,363,368,374,378,379,389,963,964,965
158,284,349,357,360,364
158,316
376,377
3,4,15,40,42,74,76,81,194,237,250,371,382,451,461,467,524,531,535,605,626,633,654,655,666,688,694,707,708,713,723,743,808,882
2,7,9,13,17,23,33,38,40,49,60,75,129,393,420,478,526,602
84,87,94,144,168,202,204,222,236,259,281,312,322
40,158,212,246
10,25,32,41,58,67,79,82
214,317,776,777,778,779,780
665,1092,1093
40,52,86,88,89,92,93,96,108,118,119,134,138,139,151,157,169,176,177,184,186,216,219,220,238,252,265,274,288,294,306,319,322,327,363,406,439,471,495,519,541,549,578,582,591,613,658,702
84,94,97,119,130,137,144,150,156,171,173,183,186,251,258,259,264,273,295,305,324,330
245,337,338
11,17,38,43,49,57,58,61,393,394
40,58,73,88,97,103,111,112,114,129,132,142,153,166,180,204,210,224,228,229,234,257,259,277,279,294,298,302,321,329,332,333,335,424,470,474,497,544,546,547,579,586,587,619,643,644,660,680,700
18,73,85,88,101,105,106,108,111,119,132,142,146,169,172,179,180,200,210,218,237,244,255,259,281,288,293,312,319,334,363,406,421,441,448,496,497,499,511,515,544,547,548,554,557,575,585,613,618,647,660,715,716,735
15,36,41,413,430,451,600,625,718
98,108,115,123,141,142,167,172,228,256,260,275,276,288,291,292
2,26,27,35,55,60,70,72,73
41,73,84,85,109,116,153,172,189,211,255,258,265,283,291,308,387
42,47,67,74,129,286
6,14,16,52,57,62,68,74,78,192,286
268,317
8,25,64,71,73,75,158,195,249,250,418,420,704,705,706,707,708,709,710,711,712,713,714
84,88,93,94,98,102,104,106,108,119,122,126,131,141,152,173,184,201,210,229,234,254,262,273,279,295,302,310,333
87,191,350,354,806,807
89,95,97,108,132,133,135,146,154,155,157,165,168,179,180,209,210,229,231,241,251,263,289,294,312,313,315,322,325,334,335,355,444,472,474,574,575,576,577,578,579,580,581,582,583,584,585,586,587,588,589,590,591,592,593,594,595,596,597
213,247
41,90,94,102,110,117,122,129,145,167,219,227,273,275,292,293,328,330,334
408,409,426
416,417
40,84,91,98,99,101,117,119,142,144,183,188,207,209,211,237,263,266,276,290,291,292,297,301,442,446,494,498,500,512,513,518,561,575,595,731
116,126,130,137,142,144,168,176,218,219,220,228,265,276,314,323,335
86,87,88,89,93,98,120,131,134,144,168,174,187,188,199,217,225,226,228,239,277,279,291,297,307,313,355
41,119,170,173,184,202,219,232,258,277,301,303
90,270,389
98,104,117,126,144,150,176,221,235,236,276,294,332,334,335
15,17,19
37,43,53,62,70,78,197,384,394,422,429,435,455,627,685,717
41,119,126,128,143,146,175,205,229,230,273,275,288,293,327
84,85,90,99,101,102,108,112,116,134,138,171,172,173,176,177,205,216,226,230,234,260,307,311,315,333
361,366,378,379,380
415,416,417
88,93,95,112,118,120,135,169,174,201,219,229,283,289,315,424
248,316
41,86,102,108,134,136,140,145,148,168,174,183,184,199,204,218,220,228,234,254,260,267,287,303,309,319,320,321,324,370,469,470,471,472,473,474,475,476
163,385
158,245,246,247,248
23,33,40,45,53
61,84,85,86,87,88,89,90,91,92,93,94,95
3,9,12,16,17,26,30,37,38,40,53,55,61,62,65,66,70,73,78,82,129,160,196,197,249,318
139,163,339,697,1009
94,102,116,129,150,168,175,178,179,184,188,207,223,263,281,308,325
86,88,101,167,171,174,204,238,293
8,9,21,40,54,55,62,64,66,74,77,78,83,249,250
9,17,20,38,63,67,70,76,197
15,19,49,62,86
245,270,272,316,365,819,820
268,270,350,837,865,878,989
158,191,245,249,348
7,25,37,53,56,70,75,86
270,285,348,349
142,451,846
5,7,16,22,27,41,42,59,196,318,410,413,433,452,480,521,522,523,524,525,526,527,528,529,530,531,532,533,534,535
246,284
7,13,23,29,34,42,44,49,56,61,69,77,80,273,300
84,98,103,107,116,144,146,202,218,237,240,251,253,255,257,258,278,306,314,330,331
3,4,8,10,11,13,18,21,43,44,52,61,63,68,69,83,318
139,395
163,362
0,15,20,44,49,53,55,61,64,76
41,73,84,86,88,89,92,97,103,114,115,128,129,138,140,143,147,152,168,171,179,183,218,226,228,230,240,264,273,291,305,306,308,309,310,329
190,212,268
1,2,28,59,193,195
41,90,117,123,129,132,150,153,205,210,216,219,224,238,280,293,294,296,359,396,421,609,610,611,612,613,614,615,616,617,618,619,620,621,622,623,624
339,340
3,4,5,6,7,8,9
26,39,40,45,46,47,52,56,57,58,77,142,155,160,381,401,562,563,564,565,566,567,568,569,570,571,572,573
158,191,247,317,337
4,22,33,36,45,47,52,55,68,70,72,81,197,198,370
84,89,101,118,144,173,186,187,209,217,224,235,261,262,263,265,307,332
6,10,12,19,25,26,39,50,51,56,58,69,72,81,192,193,194,318,336,381,418,477,688
341,377
191,284,317
84,85,87,90,93,141,169,170,223,236,240,278,279
17,22,30,54,72,77,82,83,87,280
14,18,73,87,318
213,247,248,285,345,348,367,373,397,398,399,432,508,878,879
86,97,125,146,168,169,178,181,182,253,260,321,328
191,245,246,337
158,212,284
6,8,9,12,20,23,28,36,43,46,55,58,60,62,70,71,78,79,196,336
29,32,35,67,71,78,158,160
1,2,11,21,29,41,56,57,80
40,96,97,131,146,164,201,230,244,279,293,307,320,330
190,338
90,149,191,215,246,247,271,316,338,374,378,397,400,414
1,11,25,26,30,40,41,49,53,54,55,56,59,61,65,77,80,86,90,158,184,205,219,240,401,422,452,461,463,488,524,557,602,604,608,637,652,683,687,692,704,717,739,740,744,763,764,767,774,782,783,811,827,851,853,856,859,876,881,883,884,890,896,914,915,920,924,942,944,959,970,973,974,979,980,1001,1056,1057
12,19,24,43,51,52,53,55,64,65,66,80,86,129,161
84,86,108,116,142,148,183,204,209,216,218,219,226,230,252,320,325
408,426
92,98,116,125,139,147,164,166,206,216,218,232,256,259,262,291,292,293,311,321,324,328
9,10,11,22,26,28,29,38,46,56,57,73,75,77,82,86,193,249
84,90,104,117,122,130,175,221,254,264
0,14,19,25
191,214,248
40,84,85,86,89,90,101,104,123,131,136,143,144,148,155,156,165,168,182,201,204,205,208,218,225,228,230,260,304,315,320,387,405,445,472,491,499,514,539,557,585,590,623,661,681,701,734
18,30,37,193,310,318
11,51,72,82,86,198
87,90,96,119,127,169,172,180,217,220,306,312
97,104,110,144,156,168,178,233,244,257,263,273,278,281,282,293,313,319,326
86,158,190,245,285,299,414
274,317,354,359,364,840,905,913,965,1023,1024
40,52,84,86,88,97,98,102,103,104,112,113,116,117,144,148,156,165,168,171,172,176,188,199,205,220,230,243,256,262,265,329,332,355,444,502,516,518,525,537,538,541,558,589,622,644,657,730
73,90,115,118,130,167,186,225,237,261,277,278,312,331
10,22,24,33,47,129,194,250,300
0,2,5,9,13,16,20,28,34,41,68,79,249,344
41,52,84,86,87,93,95,97,112,119,123,128,146,147,148,167,168,183,204,228,240,242,243,260,275,281,306,313,315,327,330,331,332,333,445,469,494,518,536,596,682,730,734
16,38,69,83,129,161
5,9,10,11,12,30,35,63,67
148,215
159,169,285,323,365,367,373,411,432
158,323,356,358
1,8,11,24,59,78,318
0,3,11,35,50,73,82,160,194
90,158,159,213,245,270,316,349,361
245,269
40,246,284,354
407,408,428
89,94,102,117,129,140,155,165,202,206,210,217,218,227,266,273,274,282,294,310,355,388,405,440,443,494,505,518,519,559,560,561,590,591,609,619,645,649,662,672,675,679,699,750,962
158,213,215,247,363,364,365
3,4,13,18,21,29,34,39,44,50,53,68,71,75
149,190,248,272,299,361,365,366,374,397,414
21,33,48,75
139,403
10,11
6,14,34,48,194,250
25,31,33,40,81
341,376
149,214,268
1043,1044
97,104,106,115,166,168,171,222,238,256,259,274,280,287,305,322
34,44,49,52,75,78,87,129,383,452,475,523,525,526,533,571,601,602,635,638,655,665,671,695,709,712,748,880,967
158,213,274,364
22,37,44,45,51,64,70,73,78
12,25,30,34,36,61,68,69,81,160,197
88,103,104,112,117,118,144,179,204,236,238,276,310,325
15,27,31
41,85,86,96,107,108,109,121,124,127,138,152,154,167,208,209,224,258
28,39,53,67,82
41,85,86,89,102,107,110,116,119,127,128,133,142,143,145,147,151,155,166,171,181,182,185,207,221,224,243,253,255,261,274,283,290,296,302,303,311,315,326,328,333
40,158,354,399
21,22,23,24,25
0,3,4,30,41,49,55,60,129,161,192,279,280,384,412,431,604,739,740,741,742,743,744,745,746,747,748,749
52,65,79,80,161,192
23,36,41,43,52,54,56,57,69,273
408,416
40,149,158,159,245,246
408,425
14,39,41,46,63,64,73,75,76,80,132,160,191,249,336,410,421,423,430,433,452,531,535,568,607,625,627,667,684,691,706,711,712,723,726,727,763,770,810,813,817,822,828,847,848,855,869,871,899,908,931,946,947,953,954,961,981,999,1064,1065,1066,1067,1068,1069
268,270,364,365,367,373,398,411
15,17,19,26,29,30,33,39,48,67
169,390
352,353
86,101,119,129,143,164,165,172,173,199,220,254,261,275,293,327
87,158,159,214,261,323,343,347,357,360,361,366,373,374,391,397,398,400,780,1049,1050,1051,1052,1053,1054,1055
158,271,272,351,365,432
49,61,72,160,273
385,386
41,87,90,97,109,110,119,121,135,140,152,171,178,181,185,202,226,227,267,293,301,309,328,370,492,515,543,560,581,584,592,593,618,675,679,737
2,50,194
32,148,190,212,269,270,338,346,390,601,913
40,41,110,120,132,135,141,171,181,219,236,238,282,294,302,313,314,321,331,333,355,438,444,494,495,536,550,588,595,597,616,623,649,736
190,284,345,361,366,374
215,274,299,347,391,397
407,408,409
90,148,245,350,367,368,378,389,392,807,836,839,988,990,991,1028,1029,1030
2,6,7,15,43,86,129,160,161
407,437
84,85,86,94,132,152,153,170,182,186,187,201,234,242,257,277,321,324,333
1,3,8,9,15,22,27,30,32,57,62,69,286
17,25,50,64,66,82
41,86,89,137,168,185,207,231,235,243,252,255,301,314
16,20,25,40,46,58,66,73,76,82
1,7,27,28,78
268,269
84,91,97,98,100,103,104,122,124,145,148,167,182,231,264,275,319,330,331
41,84,94,105,119,144,164,185,206,209,219,223,224,226,231,238,240,289,290
61,96,104,106,114,146,154,168,169,172,189,204,222,244,265,267,319,332
213,268,317,338
27,63
6,11,20,31,51,62,72,132,179,184,193,336,393,419,421,477,478,485,491,524,543,650,651,652,653,654,655,656
158,219,249,271,360,364,414,835,836,837,838,839,840,841,842,843,844,845
85,89,92,99,119,126,139,174,180,220,235,257,280,293,294,296,306,323
10,13,22,28,41,44,50,51,73,76,86,90,129,161,191,205,223,237,273,431,434,443,451,452,454,462,480,522,524,526,572,632,633,636,640,652,683,684,685,690,705,717,718,720,722,727,739,745,773,800,823,856,926,936,937,938,939,940,941,942,943,944,945,946,947,948,949,950,951,952,953,954,955,956,957,958,959,960,961
187,228,295,308,310,312,388,396,447,503,506,621,622,676,730
93,97,111,116,125,168,210,258,289,304,311,322,331
191,269
0,6,24,51,52,54,60,69,70,80,194
385,403,404,696
64,72,161,196,318,336
40,374
18,41,86,95,97,100,108,110,119,124,128,137,141,144,147,149,150,154,155,167,174,189,204,217,219,221,223,251,253,258,264,278,280,283,294,305,311,325,438,441,474,491,494,516,525,538,548,555,574,611,612,614,657,732
149,299
245,246,247
696,697
61,73,84,86,89,104,111,114,117,119,142,145,172,181,204,234,239,254,274,295
26,27,28,29,30,31
73,88,89,97,98,101,112,122,132,139,144,157,166,181,184,219,237,261,274,281,290,333,444,446,474,511,513,514,518,586,620,702,703
18,27,36,37,43,53,55,59,83,198,250
33,34,35,36,37
18,73,84,86,88,90,93,97,104,111,115,118,119,120,121,127,132,134,139,143,144,153,154,164,175,200,209,216,219,228,234,238,239,247,252,258,259,274,288,322,323,329,438,439,491,513,537,558,574,575,641,643,644,647,661,674,677,678,736,834
158,212,249,316
86,90,97,98,102,115,122,129,144,172,173,200,219,222,231,242,254,307,359,421,475,476,502,505,517,518,540,553,580,589,594,596,620,641,645,662,716,735,736
2,7,12,16,50,51,62,64,79,86,192,193,249
119,169,268,343,357,368,369
162,353,362
84,93,94,97,102,106,108,117,119,121,125,128,129,148,149,178,180,183,184,186,199,203,210,226,231,233,237,238,240,254,278,289,295,301,306,319,328,331,359
86,94,105,109,114,119,123,125,128,130,133,142,152,164,167,174,179,183,206,239,262,274,280,289,294,312
149,214,248,351,356,390,399
340,386,395,404
10,12,65,66,69,78,80
4,8,11,15,21,27,46,49,64
88,95,109,117,144,146,165,186,209,217,218,219,224,227,228,241,283,306,308,324,331,332
14,23,26,36,55,56,59,79,83,129,160
84,85,95,97,104,112,114,115,137,154,181,205,221,223,232,241,256,260,282,301,313
91,99,117,126,169,171,172,173,220,261,303,304,327,330
90,169,284,343,347,374,375,932,933,934,935
159,190,316
7,14,18,35,58,63,75
2,7,21,24,36,37,42,43,48,49,53,70,78,86,129,132,148,184,198,250,336,381,421,458,459,461,474,484,523,532,562,603,625,630,631,686,688,724,728,762,763,811,835,856,884,892,906,962,966,967,968,969,970,971,972,973,974,975,976,977,978,979,980,981,982,983,984,985,986
1,19,24,26,30,45,48,58,79,81,193,249
377,386
61,85,86,88,106,113,116,126,132,145,169,218,239,244,256,265,282,287,313,327,330,331,334,440,444,550,642,659,674,682
3,4,16,19,31,48,49,59,68,86,193
61,84,88,89,91,97,99,100,128,137,144,207,227,232,233,238,261,307,308,313,315,327
21,32,35,44,48,50,70,71,250,318
73,84,86,87,97,101,107,119,129,145,147,148,165,179,226,233,238,240,259
158,190,316,317
85,86,88,90,110,134,135,138,144,171,174,187,218,219,229,247,252,267,283,287,294,298,305,309,310,314,322,444,473,498,506,510,516,560,582,613,614,643,681,698,716,833,834
149,190,245
84,98,113,115,132,133,175,177,188,262,289,303,326,332,443,494,537,549,550,584,622,730
86,105,116,119,127,138,142,146,177,179,180,200,226,239,276,294,308
15,17,39,40,41,42,43
73,84,88,105,113,115,117,123,129,132,149,164,178,201,204,205,210,220,242,254,294,298,301,323
86,88,89,93,96,106,113,120,144,147,170,171,175,188,200,204,218,220,222,256,265,267,287,288,310,322
6,31,34,43,44,47,63,73,194,336
7,17,22,41,71,129,158,193,196,197,250,273,336,344
407,437,451,846
7,11,18,36,44,45,49,58,59,62,63,76,193,194,195
3,4,20,79,86,90,144,193,195,196,235,250,359,462,474,481,527,532,577,603,631,638,692,709,718,728,749,760,761,765,769,771,773,781,786,793,799,810,848,856,858,859,875,884,892,894,906,926,929,937,957,972,977,996,1006,1094,1095,1096,1097
89,97,102,108,156,170,173,181,184,199,201,210,224,236,241,254,287,290,303,314,319,359,373,387,421,450,495,509,525,538,547,548,581,584,611,617,622,658,733
88,90,93,105,106,116,120,128,168,205,210,223,230,239,295,322,324
40,86,190,191
42,45,46,48,77
107,143,151,171,216,230,279,283,287,296,302,310,323,325
1,21,27,35,42,65,68,77
40,73,86,90,97,101,111,135,165,175,177,200,209,211,218,223,230,233,234,260,275,278,289,304,322
26,41,42,46,56,57,61,70,192,250,286,300
158,212
340,341
41,84,87,89,94,96,102,108,117,121,128,129,137,142,143,144,155,168,169,184,199,210,228,233,241,244,275,278,279,312,319,325,328,441,474,476,497,501,502,503,538,539,548,552,553,556,574,581,592,595,597,611,658,676,680,699,700
84,87,90,91,97,98,102,124,131,139,142,151,169,172,238,259,291,292,296,297,329,334
40,84,85,86,88,92,97,117,129,140,141,144,145,149,150,168,203,210,251,253,254,261,275,302,304
417,427,428
0,29,41,57,64,65,68,71,74,195,205,280,310,382,401,412,650,684
86,104,143,169,171,172,174,188,208,283,295,312,320,321
6,8,31,43,75
163,403
5,6,11,14,18,26,30,31,61,81,160
41,84,95,126,136,142,144,145,148,165,207,313,320,355,495,507,561,589,701,731
340,696,697
909,910,1058
0,6,12,20,29,41,42,50,54,59,76,87,158,161,412,413
119,169,219,249,336,369,508,752,778,843,845,933,934,993,1035,1036,1037,1038,1039,1040,1041,1042
352,436
16,19,45,51,68,83,118,142,237,273,381,443,464,486,488,489,491,524,564,603,608,628,650,656,664,847,848,850,851,914,996
249,299,358,373,390
159,316
5,48,196,279,371,433,523,599,628
1,22,24,31,44,79,198,286,423,453,562,563,651
148,306
149,215,245,246,299,342,369,411,988,989,990,991,992,993,994
10,15,21,32,33,46,71
5,22,54,55
61,123,169,178,186,200,203,263,290,313,324,327
12,56,57,58,59,60,61,62,63,64,65,66
416,417,428
34,39,52,69,129,192,193,249
1,2,14,19,22,23,24,25,32,33,34,39,45,48,49,54,58,67,71,74,79,80
162,353
5,25,40,47,75,129,195
339,385
13,24,36,48,53,57,60,71,195,196,286,318
41,84,107,109,130,142,144,164,168,171,175,184,203,204,206,233,241,247,261,273,275,324,355,359,444,469,472,493,508,509,536,551,554,576,577,610,673,677,699,738
88,92,104,106,117,173,199,207,208,275,311
41,84,85,90,106,110,116,117,129,131,133,136,138,142,151,152,157,176,189,204,205,211,228,237,256,261,265,279,283,305,321,328,334,335,359,363,444,447,472,544,545,557,579,588,589,594,657,676,698,731,732,987
84,86,87,93,101,104,105,106,119,128,143,151,153,168,169,174,176,177,180,217,226,228,230,235,240,273,275,277,279,306,313,332
32,60,61,78,329,420,467,477,489,490,522,564,567,571,603,651,689,755,756,808,856,891,940,945,956,1104
41,73,89,93,97,119,123,125,129,147,164,165,208,218,220,221,238,251,255,278,295,313
158,337
149,191,272,360,363,411
73,85,86,88,89,91,97,117,131,164,170,204,255,266,295,298,314,327,331,359,641,642,643,644,645,646,647,648,649
12,16,17,26,27,29,35,37,38,40,42,46,47,50,59,62,64,65,75,77,81
19,32,39,47,52,56,80,129,193,250
159,212,316
90,92,116,117,119,128,138,139,141,172,206,207,234,235,261,265,273,274,294,308,324,326
26,37,48,56,57,68,69,71,76,80,81,129,192,193,194,195,196,197,198
90,148,214,248,323,366,367
21,23,25,27,34,63,80,129,249,286,370,371,372
15,22,30,36,41,43,44,54,57,59,64,68
86,87,98,100,101,104,105,109,124,134,145,171,204,217,222,232,273,281,290,302,310,326,370
268,269,369,375,380,398,400
17,30,31,36,59,65
3,40,46,129,422,423
163,402
10,21,35,40,45,48,119,129,148,197,434,475,485,573,604,632,635,639,668,714,722,746,768,791,831,860,904,905,960,969,978,983,1007,1008,1087,1088,1089
85,88,92,96,99,119,130,179,184,206,217,227,234,263,264,276,292
268,338
41,84,85,86,88,93,97,108,109,110,111,119,121,127,132,143,148,150,153,168,169,181,182,187,188,199,217,224,231,233,237,239,252,254,259,260,276,281,282,290,313,320,323,331,335,396
86,110,132,165,227,289,290,307
58,84,86,88,89,92,93,103,109,118,119,123,127,130,131,140,143,144,146,150,151,152,170,172,178,183,185,186,200,209,216,218,225,228,231,240,256,258,265,273,302,307,311,327,334,355,406,438,442,469,470,496,500,505,525,541,543,544,545,551,557,559,577,588,590,609,617,644,648,732,738,962
85,86,113,119,122,140,142,204,226,228,251,252,255,282,328
40,86,91,98,104,105,122,132,144,145,166,168,172,177,182,218,219,220,221,228,229,251,262,263,276,289,301,307,311,396,424,442,491,496,510,511,514,516,543,595,614,616,642,673,681,703,833
2,8,28,60,66,129
190,284
41,52,87,94,96,98,99,101,109,113,119,120,121,122,137,144,169,181,211,232,236,274,275,276,304,310,333,387,406,438,439,440,441,442,443,444,445,446,447,448,449,450
22,38,47
404,729
27,32,54,56,60,73,75,80,118,128,192,193,194,204,240,273,280,300,383,393,412,413,420,456,463,466,475,480,491,522,535,568,573,599,600,637,639,650,666,667,691,693,714,723,726,728,741,742,760,800,813,816,847,848,849,850,851,852,853,854,855,856,857,858,859,860,861,862,863,864,865,866,867,868,869,870,871,872,873,874,875,876,877
89,102,118,231,319
1,12,13,14,61,67,74,86,194,443,598,599,600,601,602,603,604,605,606,607,608
86,93,116,128,142,144,171,177,202,256,279,283,301,330,424,494,657,658,659,660,661,662
3,4,11,27,32,45,76,90,249,336,421,431,434,480,601,652,663,684,740
86,88,89,101,102,104,138,141,144,147,169,171,172,179,180,182,206,208,218,224,227,255,258,277,294,302,305,324,326
51,54,197
1,5,8,13,14,35,44,60,62,74,79,196,381,382,383,384
119,159,272,274,323,360,389
98,165,169,170,174,183,203,232,233,287,295,296
190,212,247,271,343,347
12,17,31,33,40,41,79,87,118,128,129,142,194,232,286,344,384,454,456,460,465,478,543,690,705,724,743,745,747,762,787,812,853,873,883,887,889,892,922,949,950,985,1074,1075,1076
117,119,137,139,224,237,251,255,258,296
162,163
268,271,351,360,369,398,399
142,425,437
213,245,345,349,356,363
42,64,82,196
11,31,38,39,55,57,61,68,71,73,82,193,418,465,478,489,529,530,534,565,604,664,666,671,684,687,694,710,719,763,764,765,766,767,768,769,770,771,772,773,774,775
21,52,53
404,697
159,245,246,284
0,7,14,15,41,43,63,82,86,161,179,184,192,193,223,280,300,393,401,410,413,419,430,455,462,604,685,687,692,721,725,753,939,970
100,130,131,140,187,251,264,265,276,309,310,315,328,443,446,472,474,491,508,574,583,596,614,648,702
84,97,102,115,117,128,130,148,182,217,219,222,294,328
86,90,104,171,172,204,319,320,321,322,323,324,325,326,327,328,329,330,331,332,333,334,335
162,909,910
247,338,345,354,374,392
41,61,73,85,87,89,90,92,93,97,98,101,106,114,117,118,119,121,122,123,139,140,145,164,165,166,167,168,169,170,171,173,177,178,199,200,201,204,207,217,222,225,226,232,233,237,238,239,253,257,260,263,274,276,278,292,301,303,304,321,328
2,31,77,249,318
58,88,90,97,100,102,103,109,110,115,117,119,141,144,178,189,223,230,235,247,258,261,311,327,329,363,388,442,525,536,537,538,539,540,541,542,543,544,545,546,547,548,549,550,551,552,553,554,555,556,557,558,559,560,561
3,23,36,60,62,78,161
349,357,380,702,752
15,40,61,128,464,475,477,481,524,528,629,638,653,663,703,743,755,821,822,823,824,825,826,827,828,829,830,831,832
15,44,50,63,86,197,237,273,344,382,430,601,629,684,717,718,719,720,721,722,723,724,725,726,727,728
20,22,32,61,69,71,132,195,205,239,318,336,384,422,429,431,453,468,479,567,568,573,631,692,714,718,726,794,940
212,215,270,317,323,354,374
27,28,46,49,72,318
41,84,90,97,98,108,119,123,124,139,182,220,229,234,258,274,305,335
85,93,97,101,102,117,123,131,168,171,172,228,235,252,262,307,315,319,323,329
10,26,39,42,57,63,70,77,192,249,286
41,103,104,110,116,124,125,137,140,148,176,254,257,259,263,288,302
40,84,85,97,98,101,116,117,119,127,152,156,168,172,182,185,203,218,219,221,240,244,264,277,288,323,405,474,715,716
2,38
4,41,51,54,65,193
61,88,89,132,138,155,168,169,172,204,263,288,305,329,424
9,15,56,78
86,92,115,117,142,143,144,156,165,167,173,181,204,223,235,236,261,267,274,275,277,282,296,405
84,88,98,108,109,112,117,120,123,129,143,146,154,173,177,178,181,184,188,208,219,223,239,259,262,265,273,288,290,303,305,309,319,329
86,90,95,98,109,142,152,154,169,178,201,211,218,222,239,240,252,442,492,505,510,519,559,591,643,645,646,661,700
5,20,60,72,77,161
1,4,21,24,25,27,28,34,38,41,45,46,47,56,66,67,68,69,74,80,81,193,195,300
90,119,270,317,337,350,358,368,378,389
9,11,17,23,27,31,37,38,60,193,196,381,435,478,480,485,529,562,640,650,651,669,711,719,724,741,749,881,968,969
85,88,91,94,96,97,100,117,119,138,171,181,183,203,216,225,229,236,263,279,328
158,190,212,213,246,342,346,361,379
41,86,89,92,99,122,129,133,144,167,173,183,202,203,219,226,231,241,242,253,254,280,290,294,296,301,305,308,320,322,473,498,500,503,556,561,579,586,592,593,621,662,678,680,737
5,16,19,29,71,75
3,5,8,16,20,41,59,198
212,213,214,215
8,13,14,20,24,34,52,61
86,91,96,97,105,117,142,147,171,177,179,208,218,226,232,235,281,287,288,303,305,322
402,403,404
415,437,451
0,5,18,41,81,86,142,155,160,196,219,423,430,481,482,485,531,569,607,646,668,711,808,809,810,811,812,813,814,815,816,817,818
84,101,116,117,125,154,157,164,209,255,304,328,332
84,87,89,101,110,117,120,121,170,172,223,231,239,274,275,277,304
31,39,49,62,67,129,194,196
142,425,427
90,284,285
149,158,159,245,350,351
148,214,347,350,364,373,374,375
84,88,90,95,98,102,117,118,137,141,144,148,168,170,182,183,186,210,231,255,264,265,280,287,301,320,329,331
86,96,97,98,99,100,101,102,103,104,105,106,107,108,109,110,111,112,113
341,402
32,269,375,399,702,762,776,797,806,963,1001,1090,1091
148,245
40,61,73,89,97,130,131,165,219,222,257,275,295,301,314,321,322,334,387,388
40,86,87,97,100,107,109,113,144,146,149,151,167,168,184,186,204,242,244,251,256,267,278,280,312,319,355,370,405,406
162,436
86,148,158,245,348,357,375,380,432
24,51,63,66,72,83,273,300
41,86,89,97,124,127,144,168,178,199,217,234,255,261,262,302,327
40,41,58,84,86,90,97,108,132,138,139,143,144,149,164,170,175,182,184,189,204,219,221,224,229,257,267,274,289,292,301,325,327,445,469,471,501,507,512,543,553,578,581,609,615,672,673,677,698,703,732,733,750
102,109,110,114,117,124,126,136,142,153,168,177,184,185,186,204,208,223,228,232,247,263,279,283,287,297,311,330,388,475,514,518,539,549,551,576,594,620,624,676,731
158,190,212,284,286,316,338,379,801,841,842,879,964,1014,1077,1078,1079
213,338
2,15,34,54,81,82,86,370,371,422,423,435,522,663,664,665,666,667,668,669,670,671
40,84,89,93,94,96,115,116,125,127,128,134,137,155,157,202,206,209,210,216,219,228,234,261,266,275,291,306,324,359,370,405,424,450,494,504,506,509,517,540,542,555,560,580,582,617,659,675,911
427,428
339,376,403
40,73,100,104,106,107,111,117,120,141,144,147,153,154,156,168,201,211,222,224,232,239,242,243,251,259,277,297,315,359,363,445,450,472,491,518,536,546,547,576,578,579,593,612,618,642,645,659,674,675,679,682,733,736
149,191
86,88,89,91,98,99,103,105,107,116,117,119,120,127,174,176,181,202,203,216,218,220,221,223,228,231,236,251,252,256,259,261,262,287,289,319,320,323,325
408,451
10,18,21,24,36,40,44,46,55,60,67
86,91,99,101,102,106,171,172,175,204,223,274,297,355
40,119,148,158,169,285,342,348,354,357,368,379,391,411
245,777,794,795,819,1084,1085,1086
41,84,86,119,132,218,273,274,275,276,277,278,279,280,281,282,283
268,269,270,271,272
93,103,104,121,132,148,201,202,204,219,232,236,242,266,321
353,362
7,25,33,34,82,194,198,273,336
90,338,358,367
73,98,103,171,182,204,227,237,252,274,289,290,320
73,88,90,109,114,119,125,144,145,153,164,227,256,312,323
1,25,37,47,50,129,273
41,73,86,251,252,253,254,255,256,257,258,259,260,261,262,263,264,265,266,267
40,158
24,26,56,57,61,64,65,66,70,72,77,86,90,129,193,249,286,466,481,483,569,570,601,606,625,629,631,663,683,684,689,706,710
323,348
10,12,55,75,197
386,395
26,48,64,75,77,86,132,418,419,420,421
86,89,104,106,109,114,116,119,120,209,223,229,230,237,256,262,263,277,288,320,325
8,15,25,26,30,32,41,45,65,66,79,90,129,142,179,195,205,336,370,410,419,422,433,434,452,455,457,460,474,483,485,486,521,533,543,598,601,602,655,689,704,706,708,725,794,822,873,880,881,882,883,884,885,886,887,888,889,890,891,892,893,894,895,896,897,898,899,900,901,902,903,904,905,906,907,908
40,86,88,96,98,130,135,144,150,186,188,219,226,244,257,265,301,320,327,355,365,444,446,476,493,556,576,586,587,621,623,647,660,700,701,716,738
61,84,85,86,99,107,119,121,126,141,144,150,152,181,182,205,253,255,256,279,281,282,301,304,327,328
18,32,33,35,38,73,318
41,73,86,95,97,103,109,117,121,138,141,144,165,166,168,183,280,281,326,330
18,40,61,86,92,104,105,110,112,119,124,142,147,167,169,172,176,184,202,217,225,242,253,259,273,294,302,308,326,332,491,492,493,494,495,496,497,498,499,500,501,502,503,504,505,506,507,508,509,510,511,512,513,514,515,516,517,518,519,520
41,123,126,142,178,200,207,218,227,232,236,261,263,279,287,293,303
86,108,129,155,164,176,202,205,274,294,327,370,405,491,512,518,519,540,575,583,615,619,621,647,649,660,672
3,11,37,38,49,58,79
52,85,90,94,98,105,117,119,122,132,134,136,137,142,145,155,173,202,205,220,225,235,241,265,266,288,292,296,330,333
41,89,97,100,111,119,126,135,143,153,154,155,169,187,204,221,240,258,303,305,330
73,87,98,103,111,125,128,178,236,254,264,279,281,310,326,331
158,343,347
1,4,6,18,47,50,51,83,249,318
89,90,102,104,117,124,139,141,144,172,176,208,221,238,258,265,307
149,159,191,246,247,337,338
61,85,89,97,99,107,109,116,117,120,144,153,202,216,222,240,251,257,314,315,323,333
0,2,3,8,15,17,28,66,79,193
10,18,19,21,28,35,65,66,68,205,223,372,452,650,683,684,685,686,687,688,689,690,691,692,693,694,695
40,52,90,97,105,109,110,116,119,132,142,167,203,204,208,217,226,227,228,253,254,260,265,266,294,308,323,331,335,424,439,471,472,493,494,558,580,587,591,594,596,641,647,661,715,734,911,912
3,4,6,8,39,69,73,74,193,197,198,318
10,14,40,60,196
213,248,269
0,1,2
35,51,75,336
339,1105
86,268,323,361,366,391,392,762
339,696
40,92,101,114,119,124,144,169,178,184,207,208,225,230,232,235,253,277,294,302,325,326,359,441,473,474,475,501,502,506,507,508,539,580,583,610,612,613,620,624,646,680,715,735,911
18,61,90,93,101,104,116,117,119,124,125,171,180,189,204,219,221,223,230,235,238,255,257,264,280,282,291,292,301,306,324,329,330,359,388,396,440,447,492,499,504,508,509,542,610,616,624,646,673,678,737,987
0,9,22,23,45,52,53,65,68,80,161,193
86,93,95,109,139,140,168,176,184,208,219,235,241,263,288,308,314,329,331
73,86,101,113,126,142,172,222,280,292,298,540,549,648,751
86,191,317,337,358
40,73,84,89,90,104,106,107,114,125,126,129,138,143,151,171,172,173,175,187,207,208,219,228,237,239,262,281,282,301,306,647,730,731,732,733,734,735,736,737,738
86,90,97,98,101,120,133,136,166,169,170,218,229,239,251,260,266,280,304,321,332,333,334
41,73,97,101,115,187,200,219,237,309,310
98,99,102,108,119,121,180,203,204,252,257,292,306,320,327
41,58,90,99,117,141,144,149,155,187,293,370,442,472,474,517,541,551,552,553,554,555,561,577,578,593,702
158,248
89,94,97,107,119,120,121,126,127,144,176,177,202,210,225,229,231,233,257,273,277,290,323
61,86,88,101,114,116,125,137,140,143,144,164,166,168,169,200,201,208,209,218,222,251,253,273,278,304,321,325,326
84,86,88,101,166,169,174,175,181,224,253,279,280,282,311,314
340,395
12,14,18,22,24,33,38,60
191,214,284,349
14,54,58,64,76,195
41,85,86,104,118,127,143,144,168,172,176,185,209,228,233,264,280,296,307
0,8,15,41,47,51,52,72,73,161,192,273,279,300,370,419,431,443,453,474,483,521,522,563,566,570,601,603,636,703,710,755,759,788,801,821,824,825,830,835,848,849,866,868,893,895,916,927,941,966,979,998,1003,1025,1026,1027
14,20,25,54,55,57,129,197,250,300
11,31,59,76,78,129,197
123,131,229,233,252,302,326
84,86,92,93,97,100,101,106,113,117,121,141,143,147,164,169,199,204,206,219,225,277,280,287,288,302,303,309,311,322,324
93,143,166,186,188,200,206,222,226,227,228,243,265,278,290,291,292,491,561,698,699,700,701,702,703
73,119,122,127,180,182,184,223,225,264,277,290,295,309,323,325
340,376,395
0,5,10,13,14,15,22,24,26,37,61,65,81,83,198,273
316,317
17,35,39,54,63,71,193,249,273
408,409
163,339,376,377
86,96,98,133,142,144,155,156,166,170,185,189,203,204,206,210,211,234,243,253,298,311
84,87,89,97,98,100,120,139,151,166,171,201,202,216,217,221,229,230,251,273,293,309,313,314,320
352,353,362
115,121,184,200,240,302,304,328
13,39,50,68,81,83,192
83,158,380,779,835,932,1098,1099,1100
37,40,41,43,44,46,51,61,70,71,73,81,83,90,129,142,198,223,237,371,381,429,435,468,524,565,606,629,633,650,653,665,669,670,684,685,686,694,708,713,728,742,748,754,758,760,766,799,813,815,816,822,823,832,835,862,863,867,900,907,918,919,921,925,936,941,948,952,962,1080,1081,1082,1083
85,88,144,155,164,165,166,167,168,169,170,171,172,173,174,175,176,177,178,179,180,181,182,183,184,185,186,187,188,189
6,51,71,79
9,23,43,46,58,59,67,74,76
86,97,121,146,169,176,177,206,207,218,224,287,305
6,33,34,35,41,59,62,81,86,128,176,370,371,372,461,467,468,479,487,490,570,605,627,629,712,748,755,782,798,799,800,801,802,803,804,805
4,28,38,47,58,74,77,79,80,161,193,198,300
2,5,7,9,13,16,24,40,41,50,61,66,67,73,74,81,86,129,179,318,372,383,393,418,457,464,475,477,480,481,524,528,529,598,626,629,630,631,640,655,664,671,719,720,725,759,789,798,809,823,856,857,864,874,882,888,901,906,917,939,976,986,995,1002,1045,1046,1047,1048
61,73,107,115,117,118,136,143,155,157,166,181,189,199,204,208,211,229,237,276,279,298,320,327,328,335
158,249,316,342,360,411
144,209
86,88,96,102,126,131,148,151,152,166,170,171,183,185,238,252,291,327
40,97,101,102,119,137,138,139,140,141,142,143,144,145,146,147,148,149,150,151,152,153,154,155,156,157
158,190,212,247,268,316,338
139,341
245,284,285,368
4,20,40,41,50,54,62,86,192,300
47,54,59,62,73,370,372,412,421,456,463,465,478,485,490,521,524,629,632,639,653,667,686,705,747,765
89,90,97,107,127,172,252,254,258,309,329
142,1102,1103
17,32,33,37,43,64,300
61,103,109,110,116,132,137,144,174,185,204,223,231,233,264,267,297,309,504,550,585,592,597,615,618,912
1,4,7,9,11,16,23,26,31,67,68,69,70,71,72,73,74
24,28,44,45,46,47,48,49,50,51
88,102,108,114,128,184,200,210,227,258,260,264,274,276,303,322,325,326,332
32,56,58,82,83,286
139,377
29,49,63,72,249
23,38,81,336
84,86,90,97,110,114,130,133,167,168,169,174,218,224,253
84,100,103,120,122,143,171,202,203,205,218,222,253,282,288,319,323
18,37,41,46,74,196
61,85,86,88,96,117,170,183,203,210,217,225,226,232,239,257,287,291,296,301,303,310
2,6,12,18,33,39,41,46,48,53,129,197,198,205,310,423,452,477,485,527,528,530,534,603,636,637,704,727,740,744,745,937
245,345,347,350,367,373
84,85,86,90,96,97,100,115,116,124,125,137,142,219,234,235,254,279,290,291,322
14,15,21,46,54,55,61,83,129,132,193,300,381,454,524,686,687
142,415
12,22,31,39,86
5,28,29,50,79,370,452,458,480,484,487,563,572,604,634,690,693,707,722,746,849,915,936
149,269,284,317
41,73,89,97,100,101,105,114,145,167,171,207,294,295
9,17,23,32,62,76,286
29,42,45,74,76,86,198
9,15,28,41,78,160,273,381,429,430,431
117,142,144,199,200,201,202,203,204,205,206,207,208,209,210,211
3,8,20,32
9,33,35,48,65,79,160
353,436
86,246,337,374,375,392
425,426,427,428
407,425
41,84,86,92,101,109,125,155,157,216,218,227,256,281,282,293,309,334,359
1,3,4,14,40,41,47,51,52,58,69,72,73,79,80,81,86,90,193,197,223,249,286,294,382,401,429,435,477,524,563,566,567,603,608,626,628,631,656,670,692,695,707,744,799,816,853,883,925,941,974,977,979,995,996,997,998,999,1000,1001,1002,1003,1004,1005,1006,1007,1008
3,10,27,28,35,60,69,70,71,75,76,77,81,195
19,32,37,40,54,58,59,129
377,402
408,426,846
6,15,62,237,280,484,523,524,525,533,534,566,663,666,741,757,760,773,782,804,805,811,816,829,854,865,872,886,902,928,971,977,998,1000,1005,1101
395,696,697,729
42,48,72,192,286
73,84,86,88,90,91,96,97,101,109,119,122,127,129,143,145,146,169,172,177,178,218,220,236,239,265,306,308,310,333
23,27,34,36,38,42,58,68,69,86,176,193,205,239,273,294,310,336,382,394,413,434,451,455,459,478,479,480,482,485,486,491,522,526,530,562,572,601,605,646,650,654,655,656,666,688,693,707,753,773,785,790,794,800,830,850,852,861,870,875,880,883,894,897,898,923,925,930,951,955,967,968,985,997,1018,1019,1020,1021,1022
10,13,36,55,58,67,80,86,142,158,279,344,394,418,420,481,522,557,566,600,607,630,652,720,728,764
7,16,19,24,39,51,56,67,73,82,83,280,336,410
12,17,19,29,40,46,63,64,74,83,86,235,237,279,318,452,485,525,571,577,601,634,635,654,655,692,721,740,746,747,759,773,813,830,848,914,915,916,917,918,919,920,921,922,923,924,925,926,927,928,929,930,931
149,159,191,219,246,247,269,284,337,346,348,397,398,399,400
86,88,105,106,124,131,148,200,203,205,206,209,225,229,231,237,240,256,278,291,297
72,76,77,161,194,195,250
8,18,28,30,34,35,61,63,66,67,73,77,80,82,86,87,161,205,250,273,344,410,452,491,524,598,603,683,704,739
73,84,88,114,115,116,117,118,119,120,121,122,123,124,125,126,127,128,129,130,131,132,133,134,135,136
1,3,45,47,50,63,70,280,286
86,89,117,138,147,179,180,218,280,292,294,305,324
86,97,116,119,142,144,175,204,222,234,291,321,330
41,45,49,52,66,81,318
190,299,343
213,214,248,317,337,369
73,86,89,94,102,116,117,120,125,127,132,146,170,172,232,235,236,240,255,262,296,303,314,442,504,507,511,542,545,552,561,583,588,597,609,616,617,646,648,649,672,678,733
139,340
40,84,86,90,100,107,109,125,143,168,169,171,172,179,180,202,203,219,255,273,278,291,294,295,296,304,308,312,324,406,448,449,470,471,474,492,497,498,499,500,503,512,515,518,520,542,546,582,659,737
2,13,29,51,61,68,72,129,160,195,280
41,86,90,91,99,114,172,173,204,220,236,276,293,304,321,387,442,448,449,520,554,561,585,657,662
328,336,1016,1017
18,19,22,28,29,32,57,81,82,86,128,155,204,223,370,412,458,461,466,487,491,569,599,600,603,628,634,695,707,721,772,773,775,784,792,800,802,803,814,816,818,822,826,848,873,877,885,893,903,916,925,926,938,943,958,974,975,982,984,1004,1007,1031,1032,1033,1034
85,88,90,117,144,172,233,235,258,295,327,396,513,520,561,612,658,674,962
86,102,117,149,169,179,182,202,206,210,219,234,263,273,288,295,296,301,421,475,515,517,555,623,677,735,750,751
0,5,6,7,20,28,30,31,36,41,51,53,55,57,60,66,70,72,73,76,82,249,286
271,272,366,414
159,219,269,363,378,380,400,432
0,25,31,32,44,48,80,193
86,89,97,119,143,144,168,216,217,218,219,220,221,222,223,224,225,226,227,228,229,230,231,232,233,234,235,236,237,238,239,240,241,242,243,244
16,17,18,19,20
73,88,91,109,130,132,133,150,168,175,201,203,207,210,218,231,253,289,290,296,297,304,319,325
215,245,247,317,338,343,346,390
212,269,285,351,356,358,379
88,89,90,97,119,130,140,144,146,185,199,201,221,225,236,238,251,257,260,276,278,294,296,305,312,314,315,322,333,334,335
41,88,91,98,102,103,116,118,128,140,144,180,201,208,235,262,288,291,301,319
346,838,935,1010,1011,1012,1013,1014,1015
6,10,13,18,27,29,30,75,76,77,78,79,80,81,82,83
415,416,846
88,101,102,108,140,142,169,180,199,218,292,306,321,323,327
0,1,2,4,13,18,27,43,47,60,74,78,286
92,97,119,138,140,151,175,180,206,224,225,236,282,291,301,315,325,332
86,91,93,103,104,132,157,185,206,207,216,241,243,292,297
19,34,67,286,336
345,346,347
41,84,86,90,111,118,130,139,142,144,149,201,204,233,252,257,273,297,305,307,328,355,518,672,673,674,675,676,677,678,679,680,681,682
5,12,13,16,29,30,52,83,280
85,88,89,99,107,118,119,140,144,150,171,182,202,219,224,234,252,262,312,324,355
41,93,104,105,133,143,172,179,199,243,273,281,289,323,326,355,443,473,496,501,510,537,556,558,559,615,624,647,698,715
5,29,61,73,300
4,21
15,31,32,53,65,66,69,71,192,193,194,195,300,401
1,8,21,25,30,35,41,90,129,155,160,336,433,434,454,457,459,460,477,482,491,522,532,543,565,598,599,627,666,668,670,684,691,717,739,742,763,821,938,966,995
385,402,1105
190,212,338
158,214,248,317,338,342,354,378
5,13,36,38,40,42,66,198
169,246,345,346,350,351,357,364,365,366,367,389
169,271,338,342
73,87,91,93,97,101,117,118,119,121,123,129,144,145,150,151,155,166,174,207,217,227,228,260,273,298,303,304,323,335,359,449,470,472,474,476,493,518,545,552,611,619,641,642,647,679,738,912
245,316,360,361
0,7,21,56,63,74
41,85,89,90,119,132,139,165,181,260,265,276,292,309,311,319,320,329
139,339
89,90,97,113,114,117,122,123,127,143,147,151,152,154,155,168,174,177,179,187,205,208,209,221,253,256,264,287,294,311,322,325,327
2,10,250,344,433,434,435
214,268,269
11,20,34,42,53
73,86,99,100,116,124,129,137,150,166,168,169,183,199,205,207,216,219,220,221,230,252,259,261,289,308,321,326
299,349,350,363,368
268,269,272,356,357
84,90,98,109,116,287,288,289,290,291,292,293,294,295,296,297,298
40,337,356
16,20,59,193,383,419,456,479,522,664,705
340,402,403,404
8,41,45,57,61,65,74,81,193
117,142,168,169,204,219,265,301,302,303,304,305,306,307,308,309,310,311,312,313,314,315
90,116,119,177,180,216,262,277,294,302,324,325,326,327,359
7,30,40,44,45,53,75,160,300
85,90,91,97,117,119,122,124,136,138,142,148,153,167,169,170,172,206,229,231,232,237,266,280,287
341,386,729
6,7,37,42,55,129,193,336
86,88,117,122,124,138,147,175,200,221,302,303,304,324
40,158,248,274,389,390,391,392
42,47,52,158,160,223,370,372,481,521,626,706
119,148,337,400,794,795,796,797
61,84,102,104,107,119,143,147,225,277,278,307,326,387,439,440,447,546,577,584,587,590,610,681,682,699,701,734
86,148,219,245,316,343,363
40,158,191,317
158,159
