1008201600,1140825600
1112227200
1477353600,1477353600
1482105600
1066348800
1407369600
1407542400,1407542400
996105600
1089763200
1397692800
1356652800,1455321600,1455321600
1405987200
1376870400,1376870400,1376870400
1317168000
1403740800
1413244800,1413244800,1413244800,1454371200
1020124800
1050019200
1046044800
1509753600
1294185600,1357603200
1487030400,1487030400
1437350400,1459123200,1492992000
1012953600
1515369600
1050883200,1327104000,1376697600,1520553600
1363219200
1380672000,1380672000,1380672000,1433548800
1422057600,1422057600,1422057600
1394841600
1469491200,1469491200,1469491200
1423094400
1495238400,1495238400
1252800000
1405382400
983059200
1144368000
1416441600
1365724800
1078358400
1411084800
1168992000
1379030400
1426118400
1175126400
1016150400
1520467200
1213056000,1213056000,1213056000,1213056000
1522540800
1454889600,1473379200
1145404800,1145404800,1203292800
1342137600
1044403200
1423612800,1423612800
1461283200
1191196800,1191196800,1213920000
911520000,1406160000,1406160000
1420156800
1392681600
1424131200,1424476800
1498089600
1062633600
1428105600,1457308800
1200268800
1214092800,1214092800
1427673600
1435104000,1435104000
1520553600
1401494400,1408752000,1417219200,1440288000
1271289600,1403740800
1415318400,1448582400
1194652800
1437609600
1418601600,1439596800,1439596800
1213833600,1213833600
1089417600
1005955200,1005955200,1005955200,1055030400
1377302400
1366588800,1369526400
1455926400,1455926400
1359936000
1364428800
1428192000
1453507200,1453507200
1463616000
1473033600,1473033600
1454112000
1408233600,1442102400
1434585600
1261180800
1410566400,1427932800,1522540800,1522540800
999216000,1003708800
1095552000,1147651200,1149206400,1149638400
1027036800
1468540800
978134400
1523059200
1199059200,1199750400
1474934400,1477699200,1492214400
1019692800
1428451200
1067817600,1068336000,1076630400,1082419200,1090627200,1104969600,1113436800,1120521600,1135814400,1152662400,1176249600,1206144000,1206144000
1523318400,1523318400
1388880000
1354579200
1439596800,1439596800
972000000,972345600,972345600,1003276800
953337600,957398400,958348800,958348800,961545600,963014400,963100800
1272672000,1437264000,1464393600,1517097600
1134691200,1134691200
1473724800
1482796800
1060819200,1069200000,1070582400,1070928000
1405814400
1010275200,1024185600
1357948800,1357948800,1357948800
1343606400
1237507200
1203292800,1223942400
1419984000
1293667200
1438214400
1147996800,1486252800
1497571200,1497571200
1419897600,1419897600
1463702400
1135296000
1420588800
1128384000
1257292800
1325894400
1383436800
1392422400
1071532800
1123113600
1475452800,1501372800
1437609600
1311897600
1386547200
1485043200
1363564800,1433376000,1433376000
1362096000,1362096000
1424044800
1255478400
1165276800,1183939200
1246406400
1513468800,1513468800,1513468800,1513468800,1513468800,1513468800
1240185600
1430006400
1034208000
1413072000
1123891200,1126656000,1150243200,1150588800,1283472000,1283472000,1283472000
1149120000
1491177600
1511308800
1426896000,1436400000,1436400000
1141603200,1141603200,1141603200,1141603200
981676800,986169600
1254528000
1343779200
1399939200
1398211200
1421193600,1421193600
1390867200,1390867200
1490400000
1426809600,1426809600,1426809600,1426809600
1428710400
1413676800
957312000,957312000
1321315200,1321315200,1321401600,1321401600,1321401600,1321401600,1321574400,1321833600,1321833600,1321833600,1322092800,1322092800,1322179200,1323648000,1325289600,1325548800,1325635200,1325808000,1326153600,1326240000,1356739200
1437350400
1291161600,1396310400
1440720000,1440720000,1440720000
1501459200
1365552000
1217203200,1217203200
1457740800
1129161600,1184112000,1286582400,1414022400
1387756800
981936000,986860800,986947200,987552000,990144000,990144000,1003622400,1033516800,1050883200,1086652800
1441497600
1132185600,1300665600,1306022400,1311206400,1311724800,1319846400,1324598400,1344729600,1346457600,1349136000,1358035200,1358121600,1358121600,1358985600,1359676800,1369440000,1372377600,1372809600,1374105600,1379030400,1380240000,1380844800,1393027200,1394668800,1405728000,1406246400,1426377600
1415145600
1168041600
1224460800
1438905600
1436832000
1195603200
1237161600
975715200
1052092800
1309737600,1309737600,1309824000,1309824000,1309910400
1107388800
1415145600
1077062400,1096848000,1126656000
1304553600
1228262400
1390003200
1387324800
1407715200,1407715200,1407715200
1168819200
1218153600
1242086400
1170633600
1211673600,1211673600
1492646400
1362960000
1325808000
1379116800,1379116800
1096588800,1096588800,1096588800
1424217600
1487289600
1118707200,1127260800,1266192000,1332288000
1503187200
1224633600,1240272000
1145664000,1249171200,1304035200,1404864000
1421798400
1451865600
1362441600
1421366400
1421884800
1365033600
1431993600
1420675200
1470614400,1500595200,1522886400,1522886400
1496620800
1222560000,1222560000
1255478400
1434585600
1412380800
1477008000
1404604800
1492646400
1376092800
1140912000
1144108800
1453680000
1330300800
1133308800
1416700800,1428710400,1442361600,1486857600
1474675200
989366400,992304000,1053388800,1081296000,1081728000,1087603200
1024704000,1358640000
1167004800,1233273600
1300752000
1442275200
1307404800
1210809600
1290988800
1366761600,1424131200
1243036800
1191110400,1196380800,1214092800,1227312000,1234224000,1254787200,1261267200,1265241600,1271894400,1276560000,1281225600,1293667200,1296432000,1296432000,1296432000,1297209600,1391990400,1393200000,1408665600,1409011200,1424649600,1440547200,1441584000,1441584000,1441929600,1441929600,1441929600,1442016000,1445731200,1463184000,1466121600,1466553600
1468281600,1485043200
1263686400
980294400,987724800,989884800,996451200,1003881600,1006387200,1013040000
1243123200,1290643200
1418169600
1454976000
1444003200
1183161600,1183766400,1190419200,1190419200,1215734400
1407196800
1183680000
945648000,945648000,945993600
1407024000
1517443200,1517443200,1517443200,1525219200
1282780800
961545600,962409600,962409600
1433721600
1170374400,1192924800
1168387200,1168905600,1169337600,1169424000,1169424000,1169596800,1169596800,1169683200,1169769600,1169856000,1169856000,1169856000,1169856000,1170115200,1170201600,1170288000,1170374400,1170460800,1170720000,1171238400,1172188800,1172534400,1172534400,1172707200,1178841600,1179187200,1182556800,1184284800,1191024000,1192320000,1216684800,1288051200
1092528000
1366588800
1366329600
1386633600,1386633600,1386633600
1427587200,1427587200
1242950400
906422400
949622400,1087257600
1512604800
1509840000
1398038400
1250640000,1258675200,1425772800
1389225600,1389225600
1428969600,1428969600
1163462400
1356566400
1473292800
984528000
1438905600,1438905600
1465862400,1468627200
1372032000
1470441600
1237420800,1240617600,1240617600,1241136000,1241136000,1241222400
1413590400
1455580800
949363200
1417392000
1372377600
1107043200,1196294400,1196294400,1196294400,1199923200
1075075200
1317081600
1519689600
1506384000
1481760000,1481760000
962841600,1088640000,1439596800,1470355200,1473379200,1516838400,1525478400
1530662400
1360540800,1430265600,1492387200,1510963200
1334793600
1399334400,1464652800
1429401600,1446508800
1416700800
1060905600
1388707200
1523145600
1474761600
1029369600,1029715200
1065916800
993427200,993513600
1215216000
1416700800
1362182400,1362182400,1362182400
1426291200
963273600,963273600,963273600
1431129600,1431129600,1431129600,1431129600,1431129600,1431129600,1431129600
1496016000
1423094400,1424390400
1468108800
1258156800
1485648000
1485129600
1444262400
1422316800,1422316800
1135209600,1142985600
1087862400,1087948800,1088035200,1089072000,1091577600,1095465600,1103587200,1103760000,1154304000
1400457600,1434844800,1441929600
1069545600,1071705600
1388534400
1360195200,1383091200
1439424000
1251504000
1132704000
1043971200,1050278400,1054598400,1063929600,1063929600,1086566400,1086566400,1086566400,1107734400
1426636800
1410134400
1203379200,1272240000,1384992000
1475193600
1311379200,1311379200
934675200
1292198400,1403395200
1455667200
1366329600
1214784000
957744000
1517788800,1521331200
1296777600,1296777600
1364428800,1364428800
1397260800
1226966400
1467849600
1501113600
1423612800
1136160000,1136160000
1158710400,1383436800
1175040000
1413849600
1482192000
1491868800,1501113600
1419379200
1417910400
987724800,990576000,1008288000,1021507200,1031961600
1441411200,1441411200
1447200000
1102464000
1487030400,1487030400,1487030400,1487030400,1487030400,1487030400,1487030400,1487030400,1487030400,1487030400,1487030400,1487030400,1487030400,1490572800
1146787200
1121299200
1405382400
1128816000,1129248000,1129507200
1294876800
1495152000
1067558400,1127174400
981244800
1400371200
1383782400,1395100800,1395100800,1395187200,1409011200
1034035200,1034035200
1024790400
1456704000
1074643200
1458604800
1108684800
1289692800,1386288000,1437523200
1371859200,1374796800
1495756800
1506556800
1420848000
1484179200
1207612800
992822400,1021248000
1427155200
1453593600,1459728000
1372896000
1430611200,1523404800
1278028800
1144972800
1426809600
1418342400
1425254400,1425254400,1425254400
1420243200,1451347200,1465344000
1435104000,1435104000
1428105600
1217203200
1174867200
1295049600
1421712000,1446249600,1446249600
1371859200,1371859200,1387324800
1453766400
1405641600,1415145600,1428278400,1428451200
1242000000
1437523200
1320969600,1435104000
1367020800
1404864000
1118016000
1421366400
1039219200,1054339200
1405900800,1405900800,1405900800
1247961600,1247961600,1247961600
1212796800,1212796800,1339372800
1487376000
1424736000
1214784000,1214784000,1214784000
1155686400
1256169600
1072310400
1233273600
1526515200
1024963200,1035072000,1036368000,1127520000
1446508800
1137024000,1151798400
1126656000
1467676800
1361664000
1230076800
1128384000,1186272000,1186272000,1200182400
1407196800
1295049600
1103587200
992995200
1519171200,1519171200
966643200
955497600
1266883200
1414886400
1107561600
1462752000
1050451200
1404345600
1221177600
959558400,959558400,959558400,959558400,959558400
1212537600
1473984000,1476057600
1362009600
1416096000
1407715200
1397088000
1501027200
1304208000
1412380800
1421625600,1421625600
1222560000
1381881600
1452729600,1519257600
1171065600
1025481600,1040774400
1397865600,1432944000,1464912000
1356566400
1165622400
1437436800
1246838400
1076630400
1067990400,1087171200
1518566400
1446768000
1446681600
948067200
1397433600
1505606400
1375401600,1394582400,1412208000
1195516800,1196640000
1413676800
1423180800
1024876800
1220140800,1440633600
1062374400,1062720000,1063584000,1063756800,1065052800,1065571200,1065657600,1065830400,1066003200,1066348800,1066780800,1067731200,1067817600,1067904000,1068249600,1072656000,1078444800,1093392000,1096416000,1096848000,1097625600,1102464000,1114992000,1146182400
966556800
1221350400
1101686400
1470960000
1465084800
1514764800
1214524800,1290470400
1522627200
1497052800,1497052800
1436140800
1496534400
1383609600
1377648000
1041465600
1513814400
1303344000,1303344000,1303344000
1390608000
1359849600,1366070400,1366070400
984009600
1319241600
1407196800
1421452800
1408147200
1488240000
1416614400
898128000,899251200,900633600,901411200,902793600,967075200
1213228800,1274572800
1041811200
1384300800
1377734400
1417651200
1037577600
1393113600
1433030400
1436486400,1436486400
1330732800
1294444800
1125964800
1416268800
1435536000,1435536000
1473638400,1473638400
1407456000
1053648000
1247702400,1247702400
1436745600,1436745600
1470873600
1364169600,1375056000,1415491200,1415491200
1333929600,1363392000
1504310400
1441584000
1346976000
992217600
1384560000
937008000,958867200
1257897600,1264550400,1428710400
1394064000
1335744000,1335744000
1319673600,1366502400
1298246400
1376870400
1414540800
1201651200,1201651200
1042243200
1408838400
1314316800
1382659200
1421712000
917395200,917395200,917395200,917395200
1489104000,1489104000,1489190400
1450483200,1450915200,1483488000,1497571200,1520553600
1393200000
1201219200,1453161600,1453161600,1453161600
1438214400
996451200
1411862400,1422748800
1318118400,1360195200
1237161600,1237161600,1237248000,1237248000,1237248000,1237420800,1237852800,1307577600
1321488000
1403136000
949708800,950227200,952387200,954979200,958435200,971308800,972777600,973296000,974592000,978307200,980035200,981158400,1002931200,1002931200,1015027200,1015027200,1015027200,1015027200,1072742400,1073001600,1073001600,1111536000,1126310400,1126310400,1139616000,1144886400,1150934400,1233187200,1260403200
1394064000,1412294400
932428800
1164758400
1422748800
1129075200
1413590400
1432944000,1434931200
1404518400
1297382400,1297382400,1297382400
1361145600
1519257600
1058832000
1434067200,1435449600
1359331200,1361145600
1363910400
1265500800
1236729600,1238112000,1238112000,1238198400,1238198400
1048377600,1138147200
1433548800
1424476800
1493510400
1048723200
1378771200
1377993600,1378598400,1380672000,1382400000,1382400000,1383350400,1383350400,1383696000,1383696000,1391904000,1391904000,1391904000,1391904000,1391904000,1391904000,1393027200,1393718400
1445558400
1385769600
1463097600
1440720000
1468540800
1301443200
1508803200
1076544000
1451952000
1387584000
1506384000
1346889600
1220227200
1243555200
1081036800,1081036800,1081036800,1081468800,1081468800,1082678400,1083024000,1083888000,1084060800
1036540800
1432425600,1521072000
1379462400,1425254400
1296864000
955411200,1179360000
1028937600,1028937600,1131580800,1147219200
1363305600,1379894400
1398816000
1266537600
1136764800
1292630400
1222646400
1388793600
1235865600
940896000,1019606400,1019606400,1019606400,1515196800
1386460800,1386460800
1442793600
1338249600
1128988800
1181779200
1234742400
1192579200
962755200
1165363200,1172448000,1185494400,1213315200,1255478400,1262736000,1277769600
1396915200,1396915200,1396915200
1438560000
1143158400
1468368000,1468368000
1406851200,1468972800,1468972800,1468972800
1466035200
1463702400
1385337600,1385337600,1391817600
1099612800
1368403200
1421107200
1187395200
1488412800
1410739200
1452384000,1494374400,1494374400
1498348800,1498348800
1521849600
1351123200,1409961600,1409961600
1453248000,1453248000,1476316800,1523577600
1126742400,1141084800
1396915200
1323302400
1115683200,1197244800,1236556800
1167955200
1258416000
1102982400,1102982400,1102982400
1355961600
1375315200
1416009600
1093996800,1094256000,1094947200,1095033600,1095033600,1095120000,1095120000,1095120000,1095724800,1100736000,1102118400,1124150400,1128902400,1150416000
1458172800,1458172800
1452643200
1417046400
1417219200,1453766400
1232496000,1234137600,1234224000,1234396800,1234483200,1234483200,1234483200,1234656000,1235001600,1235433600
1516233600,1521763200
1353369600,1404604800
1366675200
1234742400
1480896000
1430956800
1431302400
985219200
1421366400,1430092800
1408406400
1483488000
1075766400
1222819200
1443312000
1491436800
1388966400
1409961600,1409961600,1409961600,1409961600
1362787200
1421539200,1421539200
1384646400
1388102400
1472947200
1373414400,1373414400,1373414400
1481760000
1487808000,1493769600
1219276800,1324944000
1458864000,1458864000
1021248000
1295568000,1310083200,1310083200,1310083200,1451692800,1452470400
1522281600
1179446400
1055462400
1509667200
1457136000
1213488000,1213488000,1213488000
1363132800,1377907200,1390521600,1417219200
1222905600
1157241600,1157241600,1157241600,1298419200
1232236800,1232236800
1522800000
1411344000,1489881600,1503619200
1508976000
1395532800
1519948800
1411344000
959040000
1161734400
1433721600
1364860800
1517184000
1518998400
1362441600
1418428800,1418428800
1453593600
1507248000
1171670400,1174003200,1271376000,1435276800
1487635200
1028505600,1281225600,1404691200
1478217600
1400284800,1403049600
1354320000
1362441600,1397692800,1411084800,1474588800,1474588800
1454112000,1454112000
1361664000
1311811200
1144195200,1159315200,1161043200,1161043200,1161388800,1161475200,1161734400,1161907200,1161907200,1162080000,1162080000,1162080000,1162166400,1162166400,1166054400,1166227200,1170460800,1208822400
1460678400
1501545600
1421452800
1252713600,1254355200,1254355200,1255564800,1258502400
1369440000
1422403200,1457136000
1275177600
1359158400,1359158400,1359158400
1084060800,1238198400
1442620800
1115856000
1431820800
1447545600,1447545600,1447545600,1447545600
1456790400
1356480000
1367625600
1141430400
1169856000
1219017600,1219017600
1412553600
1434499200
1329609600,1330732800
1021766400,1022371200,1029369600
1370822400,1370822400
1442102400,1442102400
1358467200
1202860800
1453507200,1453507200
1366848000
1467417600
1461801600
1406937600
1097712000,1100736000,1106784000,1119052800
965692800
1372032000,1375056000,1457913600,1499299200,1521158400
1003881600,1047340800,1048464000,1048550400,1062460800,1089763200,1096070400,1099785600,1107388800,1107648000,1112140800,1129939200,1153612800,1184976000,1207267200,1207267200,1243728000
1407283200
1412035200,1412035200
1465257600
1200787200,1266624000
943660800,946425600,965001600,977356800,977443200,982886400,992217600,992304000,995587200,1015545600,1015977600,1017100800,1030320000,1030665600,1037059200,1056585600,1091404800,1093910400,1097107200,1097107200,1102982400,1112745600,1149811200
1407024000
1372723200
1183939200
1384300800
1012867200,1026777600
1071964800,1199491200,1230768000,1232236800,1242086400
1523232000
964310400,971913600,977961600
1283990400,1300233600,1313107200,1409529600
1115596800,1115596800,1115683200,1115683200,1116633600,1117670400,1117670400,1123891200,1140048000
1417132800
1212105600
1259625600
1515888000,1515888000
1223251200
1445212800
1401148800
1490486400
955497600,1000944000,1000944000,1000944000,1000944000,1045008000,1047427200,1101600000,1105747200,1153872000,1153872000
1447545600
1302048000,1302048000,1331510400,1332374400
1388620800,1425340800
1444003200,1444003200
1390262400
973209600,973641600,992822400,1015804800,1027987200
1425859200
1475884800
1390867200
1381104000
1019347200,1019347200,1034208000
1467331200
1512604800
1363046400
1523836800
1437523200,1437523200
1198368000
1439942400,1439942400
1133049600
1423526400
1211155200,1237161600,1239321600,1298937600,1334275200
1210723200
1428192000
1112313600
995932800
1438905600
1443916800
1395360000,1396656000
1462406400,1462752000
1441411200,1441411200,1441411200,1448755200
1360195200
1191628800
1513036800
1100476800,1100476800
1446336000
1435190400,1501459200,1521158400
1465776000,1517356800
1470355200,1470355200,1470355200,1470355200,1470355200
1494460800,1494460800,1494460800,1494460800,1494460800,1494460800
1499040000,1503360000,1515456000,1515456000
1409616000
1463184000,1463184000
1512604800
1526342400
1365984000
1132617600,1241740800
1273104000,1273104000
1393372800
1432080000
992217600
1507420800
1403136000,1403136000
1360713600
1463875200
1305417600
993081600,1005955200,1077148800
1001030400,1060819200
1406419200,1406419200
1289001600,1289001600,1305936000,1306022400,1350259200,1350259200,1365292800
1486512000
973641600,974851200
974332800,975974400
992736000
1390348800
979516800
1389052800
1380326400
1100476800
1193961600,1198540800,1216944000,1289606400,1324684800,1324684800,1441929600
1231200000
958262400
1140566400
1402876800
965520000,974592000
1229126400
1210636800
1469232000,1469232000
1256083200
1469923200,1469923200
1488844800
1186963200
1478736000,1496275200,1496620800,1496620800,1496620800
1428624000,1428624000
1120348800,1120348800,1120348800
1433203200,1433203200
1504915200
1482969600
1432944000
1040342400
1217289600
1427932800,1427932800,1427932800
1461024000
1372896000
1415491200
1368662400
1083283200,1334188800
1415232000
1284076800,1284681600,1284768000,1290211200,1296950400
1246060800
1450828800
1259366400
1073779200,1073779200,1073779200,1077408000,1092787200,1092787200
1375401600
1129075200,1129161600,1132099200,1132531200,1133827200,1133827200,1133913600,1136764800
1239840000
1331251200
955324800,964137600,964396800,966643200,966643200,967334400,967334400,988588800,993772800,994377600,994377600,994464000,995155200,996019200,997228800,997660800,998438400,1270598400,1272153600,1272499200,1272499200,1306281600,1362614400,1431216000
1447113600
1389398400
1436140800
1023235200,1023321600
1012003200
1270598400
1164326400
1466985600
1479513600
1180569600,1182556800,1238198400,1273968000,1415491200,1421020800
1437350400
1417046400,1417046400
1328054400
1138579200,1155081600
1372118400,1372118400
1381017600,1463875200
1523232000
1410739200
1009670400,1175644800,1368576000
1461196800
1168387200,1168387200
1417910400
1467849600,1469923200
1420761600
1413590400
1387065600
1393286400
1365724800
1012435200,1012521600,1040688000,1042934400
1519948800
1434412800
1458691200
1091577600,1117238400
1440028800
1038528000
1434240000
1490659200
1485216000
1488844800,1488844800,1489363200
990144000,1058572800,1060041600,1063411200,1063843200,1111190400,1224374400,1226102400,1238803200
1430870400
1223337600
1240531200
1306886400
1459209600
1449705600
1444608000
1417305600,1417305600,1417305600,1417305600,1417305600,1417305600,1417305600,1417305600,1417305600,1417305600,1417305600
1419465600
1374451200
1017532800
1424217600
1419897600
1480118400
1384041600,1384041600,1384041600,1384041600
1132531200
1402272000
1475366400
1444262400,1444262400,1444262400
1377648000
1271894400
1424304000
1439856000
1065916800
1229558400,1229644800,1230163200,1230249600
1049932800
1456790400,1500681600
1033257600
1216857600
1400284800
1201046400,1201046400,1201046400
1209340800
1079740800
1355270400
1481500800
1415232000,1415232000
1500508800
1401148800
1110585600,1113264000
1424563200,1424563200
1032134400,1032134400
1193529600
1062115200,1062979200,1080777600
1418428800,1432857600,1432857600,1461974400
1313712000
939945600,940032000,941760000,941760000,941760000,969062400,969235200,970272000,970272000
1412726400
1469404800
1368835200
1447027200
1456790400,1461024000,1462233600
1236643200
1288310400
981504000
1094256000,1204848000
1457308800
952732800,953078400,953078400,963619200,970099200,970099200,981417600,981417600,981417600,981417600,981763200,982368000,982368000,982368000,985824000,1023753600,1026864000,1026950400,1027296000,1031011200
1145232000
982886400,983145600,983145600,983232000,983232000,983232000
1520121600
1301961600
1489708800
1366156800
1412726400
1425686400,1450310400,1451347200
1236384000
1142467200
1358985600
1472083200
1205971200
1174608000
1344211200
1050105600,1370822400
1458950400
1362700800
1500508800
1008720000,1038614400,1149206400,1198627200,1411344000
1446768000
1366416000
1481673600
1373155200
1451692800
1410566400
1462406400
1428019200
949104000
1093478400
1055376000,1235692800
983318400
1353456000
1390348800
1346889600
1050796800
1420588800
1445472000,1445558400,1445558400,1445558400
1432684800
1430352000
1432944000
1399680000
1497484800
1456876800
1477958400
1365552000
1322524800
1486080000,1486080000,1486080000,1487030400,1487030400,1487030400
1370131200,1370131200
1517616000
1493856000
1187481600,1276041600,1280275200,1313452800
989539200,1196121600
1457654400,1482019200,1482364800,1487635200
1273017600,1312502400,1417737600,1434844800
1250899200
1427068800
1103760000
1448582400
1238630400
1428278400
1408320000,1424995200
1433376000
1352764800
1414368000,1479772800
1223337600
1432339200,1432339200
1410480000,1418428800,1418428800
1048464000
1175990400,1520812800
1352851200
1426723200,1426723200
961804800,1074297600,1074643200,1076025600
1519171200,1519171200
1474761600
1523232000
1453334400,1453334400
1486425600
1421107200
997660800
1318982400
1492732800
1170892800
961545600
1416700800,1416700800,1416700800,1419465600,1429833600,1431820800,1431820800
1255305600
1408579200
1503014400
1167868800,1167868800
1522108800,1522108800,1523491200
1416355200
1501804800,1501804800
1391472000
1168214400
1457395200,1469664000,1469664000
1506816000
1419292800
1419379200
1356739200
1375401600
1144800000
1361232000,1361232000,1361232000,1361318400,1361318400,1361318400,1361318400,1361318400,1361318400,1361318400,1361318400,1361318400
1025395200,1026086400
1431907200,1431907200,1431907200,1431907200
