0,1,15,4155
2,1,15
3,4,3772,61,3775,775,4010,18
2,18,20
5,30
6,1
7,1
8,9,2
9,1,37,37
10,11,2
1,1
12,12,4591
9,1,20,1,3778,3851,4042,4136,4265,1955
13,1,3765
14,2,25
15,1
16,13,30,3943
1,1
17,17
18,1
19,1,70
20,1
21,25
2,12,12,14
19,1
22,20,32,2,12
1,1
1,1,32
9,2,4473
6,2,25,3772,33,18
7,1,32
23,1,318
2,1380
2,25,12,1
2,32
2,25,3767,2605,30
2,1,3766
2,17,28,3855,3933,560,4377,4353
2,24,3
25,24,60,18,37
1,1
26,1,13
13,1,21
27,28,25,32,2,4061,4204
29,9
29,32
29,18
30,31,32
32,25,3843
30,3768,3,22,20
2,33
2,17
3,2,47,3771,3772,3843
12,33,2
20,34,30
20,33
2,10,3769
2,35,12,474,16
36,12,3856,4193
12,1,14,58,3909,3918,847
22,2,12,30
25,1
22,29
37,1,1
18,1,3905
7,1,13
12,3
6,1
37,37,25,3770,4049,18
3,2,32
32,2
18,2,32
8,38
12,33,4099
12,22,8
39,12
25,14,2
12,14,25,18
33,40
30,41,18,2,81
2,30,3843
8,42
18,30,56
3,33,4812
43,60,4178
7,7
44,2,3
3,2,33,3878,3920
2,18,12,30
3,45,74,3793
15,33,3,493
30,66,56,30
30,12,8,30,1
30,30,32,6,49,863
37,37,3919,775
6,46
12,29,4103
37,3792,3990,3999,775
8,8
47,48,18,2,3773
49,50
18,2,51,8
40,40,1120
50,37,37
51,37,49
2,30,18,20,25,3843,327
12,37,37,3780
25,2,30,3775,327,4184
22,2,15,3774,32,3109
2,37,37
29,1,15,18
41,29,30
14,29,4806
52,30,20,2
17,17
30
37,12,3775
18,53
37,33,12,25,22
32,54
30,3775,12,30,3781
32,33,30
55,56,12,3776
18,53
37,47,2,22,3772,1152
57,58,12,2,58,4218,1302,1529
8,2,61
59,8,51
60,25,12,3772,4102
32,30,3777
2,58,7,12
37,37,61
30,61
7,61
62,2,12,25,3857,265
30,63,3807,347,635
8,25,3794
64,64,19,4037
37,12
12
18,37,56,22,67
22,65,25,3780,18,3781,67
8,30
28,68,18
19,37
37,33,68
17,30,37,275,7,68,18,4653,4655
66,37,61,30,3909,4926
37,30,68
12,37,13,68,30,49
33,33,37
30,37,275,14
33,12,16,3778,15,3782
16,10,3882,4243
37,67,30
33
68,55
12,58,15,4749
14,15,3782
12,12
18,14,33
14,14,3775
37,14,12,3779,3779
37,30,3782,4493
25,14,805
18,37
18,18,37,12
69,12
70,7
12,69,13,18,3862,4229
15,3782,22
25,14,12
14,71,3780,37,3785,15
37,14,30
72,73,126,3874
30,14,3783,32,18,162
14,14,68
14,14,86,3790
14,40
12,58,3784
12,74
37,14
14,74,3786
7,14,4463
12,71,14
12,74
75,49,81
27,33,74,415,3906
12,14,3790
18,58,79
60,58,3791,58
14,14,12,4602
55,14
37,37,25,20
76,105,3787,4431
77,58
58,58,3791,249
43,18,3821,1403
43,43
78,299,474,4539
12,33
79,80
25,14,3889,18
58,58,86,30,67
81,14,3788,3789,12,37,162
82,83,49,3795
84,55,12
12,85,1320
86,14,3794
14,87
88,14
2,58
14,89,3794,3797
14,90,86
37,37,3796,86,14,67,3909
91,14
92,58,74,3898,4354
18,6,12,3798,3797,3799,162,133
30,93,12
20,69
14,69,14
94,12
95,95
96,96
14,97
30,98,393
99,22,30
100,3800,3839
101,79,3859,101,4358
12,58
102,18,3955
22,58,3853
103,104
105,14,4482,4500,4732
106,14,3855,342,3867,705,4285
14,25,3902
107,107
12,108,3806
109,105,26,4419
87,82
69,69,3801,4005,4298,4426,4512
14,3977
110,33,3802,6,3830
68,14,30
6,58
86,14
14,111
14,112
113,40
114,14,18
69,3803,33,110
68,115,20,82
82,22,3805
12,94
116,116,3804
43,58,3848
116,116
117,116
118,68,3924
119,119
120,120,3998,4598
30,121,300
18,51
68,58,58
37,122
123,14
14,25,6,3809,26,1800
68,14,3808
116,676
37,30
69,69,3810,70
124,58,3968,4187
122,3827
67,3858,12
99,82,4344
94,3794,3811
125,3794
126,94
40,94,12
127,58
128,129,86
70,70
14,37
33,110,150,33
130,12,212
131,298
58,58
18,69
132,94,3949
132,58
18,18,25
69,16
49,133
134,16
134,249,294
135,40
33,3812
136,863
137
138
139,3813,25,3814,212,263,4410
140,3861,140
16,69
141,16,3834,4051
142,142,25
143,58
144,58
145,160
146,111
147,16,164,132
67,132,49
148,148,25,12,3816,3980
149,3815,151,18,162
150,151,282
25,3817
152,152
58,58
146,116,116
151,2,478
153,58
12,154,13
155,2,298
156,116
157,3817,3818,49,3819,276,22
153,58
154,154,3820,4302,4386
158,159,534,806
68,67
25,58,4036
160,20,132
67,3894
119,119,3992,4538
12,161
160,154,68
49,69,185
162,160
94,49
12,154
86,14
163,30,86
164,105
165,160,106,68
166,166,167,4031,4725
162,116
167,168,337
169,33
170,162
111,162
26,154
162,154
171,158
172,173
58,58
174,174
148,162
12,154
58,58
79,58,169,58
166,3822,3823,3824,79,33,12,4192
116,116
175,58,3910,3793
176,3765
177,154,68,275
178,37
12,179,162
162,180,79,3825,300
181,106
58,58
182,32,3828
183,69,58,202,483
184,184,43
86,58,58
67,162
185,186,69,4085
67,58
70,70,169
67,86,26
187,12
188,230
189,58,195
12,190,3826
58,58
58,58
191,58,206,86,4504
169,192
169,193
86,67,162
67,162,26
162,206,2,49
194,3837,3959
195,67
67,25
25,67
67,32,89
2,58
196,196
197,12
162,67,199
198,201,3829,3831,534,4061
199,199,58
200,204,4065,4253,4813,4994
12,58,2
2,33,33
2,299,474
201,19,4177
2,67
58,67,162
202,23
203,169
204,58,4318
2,58,775
2,58,300,3946
199,162,2
162,67,3835
67,49,202
30,67,299,26
2,58
67,58,642
12,205,67
67,148,4839
67,162
30,67,12,3832
67,67
67,30,67
206,67
207,67,30
40,14
12,208
209,3833
162,210
174,212
211,211
2,344,4382
141,141,4469,2679
69,69,214,3979
212,213
67,58
214,67
215,162
216,152
217,3836,3973
218,218
219,219
2,3838
220,206,162
221,212,4880
162,222
67,67
206,222,300
49,26
223,224,58,3953
67,3876,4632
30,225,169
226,49,162,3841,929
227,519,3981
162,162
228,3873,3893,4145
67,67,162
67,67
229,58
67,3871
69,69,4566
230,230,3912,230,3991
231,232,3842
67,58
233,71,18
234,1067,3840
58,58
12,58,4379,4521
152,152
202,235
58,58
236,3842
30,222,3845
237,162,86,863
33,269
238,275
12,67
239,12
206,240,3843,249,4768,4768
199,199
67,67
241,162
242,441,86,30,162,275
243,299
244,3845
212,212,3847,282
245,246,86,162,3844,212
247,259
248,248
249,250,3846,1651,5004
58,67
251,233,4275
252,253,177
162,254,1250,1,1062,448
212,252
212,58,290,4347
255,259
256,3902
212,259
257,67
67,30
258,344
259,260,162
249,261,386,4009,3855
262,3932
263,264,863,4408
265,58,58,4376
30,58
266,58
267,58
162,268
106,269
270,72,4131
106,148
67,58
58,271
272,58,4061
273,257,58,259,282,3849
274,929
275,276,33
30,271,58,3931
277,276
278,58
269,58,276,4775
279,58
280,180
2,271,282,4002
30,281
150,282,275
283,67,3866
269,58
265,58
284,67
30,284,67,257,212,279,3852,26
58,58,4060
269,58,4060
285,483,4047
286,58
22,271,58,668
162,58,30
279,58
162,180
287,162
288,289
290,276
291,291
58,292
279,94
279,292,292
275,293,263
294,58
295,3850
296,296,3852,263
297,298
299,180
300,186
279,58
251,58,294
123,12
30,69,4050
301,3967
282,302,30
69,303,30
304,3854
67,3948
161,58
305,58
306,12,262
22,271,259,282,58
186,212
307,310
276,298
308,67,4963
94,58
67
276,309,58,240
308,316,162
310,271
162,311,259,12,3831
312,312,259
313,929
314,58
315
68,316,162
169,232
317,30
37,318,67
82,37,30,4010,450,4173
162,67
58,319
320,162,275
67,67
177,3983,4056
321,321
2,269,300
259,279,1103
322
323,321
260,162,4101
324,16,3928
325,3875,4021,4025,4721
162,326,269,300,3869
58,67,58,58,3860,3803,536,58
327,67,58,58
328,294
160,177
299,271
221,58,299,4107
275,58,3861
12,58
12,58
67,332
67,58,3863
329,329,12
330,330,58
224,30
331,331,3864
202,271,474,30
302,302
332,177
30,67,3995
67,30
333,333
334,3793,355,1380
12,335
12,335
177,336
310,58,334
58,67
67,58
330,330,441
58,58
337,327,177
299,336,290
177,222,162
338,177,40,3865,58
339,340
300,40
341,297,2,4620
58,58,3940
342,67
67,58
343,162,177,3950
299,180
344,67,4241
67,58
12,67
345,58,177,202
346
169,67
67,58
58,58
58,347
12,260,299,3917,4130
177,299,4028
67,58
348,461,3867
269,58,330,3885
469,4124,2709,4706
342,330
58,63,310
58,330,299
58,349
350
269,148,3925,560,148,4889
180,180
351,351
352,58
12,300,32
353,162
342,58,4094
12,354
355,58,58,3976
342,58
202,58
30,356,4073
348,206,294
357,24,24,3989,4331,4604
342,67,4137
1,1
177,358
58,58
18,330
330,330
359,3868,206,359
58,67,3987
58,67
269,360,180,3870,298,86,110
361,269
12,280
362,299
1,1,4235,1559,4346,4374
67,172
30,67
58,342,86,3973
233,58
363,58,294
364,365,26
280,280
366,26,86
299,367,3872
105,105,269,342,4202,4852,1722
58,280
172,368
280
369
37,177,30
12,300
172,154,4100
299,58
105,298,1172,539
177,370
371,371,3926
372,370,960
373,269
18,67,3868
330,12
374,269,299
312,259,31,575
375
376,376
280,377,4012
58,378,3891
299,3877,162,299
326,177
379,30
58,67
30,380,668
67,58
299,177
162,342,58
172,381
382,3879,4488
162,303,26
300,12,342,474
326,177
299,58,3984,12
86,383,259,26,3881
259,668
384,474
330,330
385,58,259,299
386,387,474
388,398
389,58
390,3880,300
202,310,58,58
391,391,3950
392,278
12,373,58,4061
393,394
58,281
395,474,162
396,177,327
397,397
398,399
58,58,4014,4534
278,58,1053
58,280
400,58
401,3883
397,3884,397,4150
58,342
402,3961
300,403,461
162,2,275
58,404
314,67,3907
342,405,4061
14,406
407,402,4029
12,397,233
408,162
409,37,327,177,12,1140,3886,67,199
410,30
406,58
406,58
58,406
67,172
294,297
26,67,4069
370,12,3887
411,154
412,3913
342,413
414
415,413,67,3887
416,67
271,417
303,344
418,418
67,67
413,413,4161,4319
67
419,162,310
420,420,162
67,12
342,421
105,422
67,249
30,67,342
299,67
18,67,172,26,30,327,12
423,423,3888
424,58
67,30,299
425
58,58
67,30,300,177
426,58
427,428
30,429
430,431
43,249,159
431,431,58
58,58
432,67,177,3890,265,4016
12,67
67,30
433,292,294
406,4058,4501
330,434
435,58
436,58,4240
353,58,86
30,58,3892,4704
58,58
30,67
437,58,86,4606
67,18
438,67
439,58,172
440,271
441,58,393
442,37,442
67,177,443,450,3895,3909
30,67
443,162,177,67,3897,4027,3071
444,58
445,445
446,446,58,4089,4167,4182,4367,4654,58
443,172,58
447,150
448,450
449,443
450,58
450,58
451,452
450,58,30,86
14,14,3939,4019
177,453,30,633,3855
177,3896,12,4179
14,454
290,67
67,58,3913
455,456,456,18
457,58,342,177
67,162
177,458,30
20,86
69,30
386,459
460,12,177,2190
460
436,436,3900
58,58
105,58,3895
461,58
177,58
177,58
462,3914,3915
445,445,3899,3899
463,3901,86
464,461
465
466,466
467,18,105
468,469
436,436,386
18,271,177,105,461,37,483
470,470
471,3903,105,3904
469,58,177
12,472
473,473
474,349
475,162
280,280
458,458
473,172,4724
476,476
477,37,86
12,58,4054,4579
12,162
478,297,3908
310,20,461
162,402
313,288
303,58,2309
61,58
479,480,58
58,481
43,86,58
58,288,536,4412
43,58,86
482,482,386,86
58,288,3975,4492
483,3911,288,67
484
485,58
12,154
486,162
487,177,58
2,488
177,489
490
303,58,67,775
177,491,162
492,58
493,423,12
14,494
495,495
69,69,58
496,2
369,369
2,288,4113
14,497,3913,3916
498,58,3997
499,499
500
501,58,177
502,58
106,494
501,30
482,86
503,503,310,1320,4247,4821
164,504
480,3922,554
505,505
506,288
507,3915,1,4010
508,3915
509,509,3921,3841
30,154,862,4395
164,69,342,2309,3965,4010,1062,4548
154,2
510,58
511,3994
12,223
177,25,30,12,3890
86,71
280,280
86,347,58,4611,4643
512,342
288,177
513,514,37
67,288,288
515,3923,148
513,30
310,69
177,516
2,517
30,58
58,58
86,516,3915,4123,4279
12,516
14,12
32,223
2,67
484,3927
280,280
342,494,560
67,288,30,327
67,12,532
86,67,30
518,177
223,12,634
519,520
177,3915,631
521,30
342,522
222,162
180,180,386
523,2,478,4599
177,524
280,554
525,3929,294
526,362,364,579
527,26,177
86,342
528,288
527,386,162
12,67,342
529,929
294,3915
30,223,342,288
391,391
530,58,30,58,4402,4904
531,344
532,1,1,4057,4083,4484,4961
533,534,790,3930,2
386
177,288
342,535,162
529,30
536,71,79,86,4312,4387
22,162,177
537,4028,1062
37,538
539,1,1,4186,4576,4837
540,1,1
342,541
542,342
543,58,847
79,544,58
177,58
177,58
545,288,58
223,223,550
546,548,532,550,4015,705,4017
30,547
548,330
549,705
550,67
288,551
446
552,635
15,30
446
460,3934
553,586,58,288,3935
14,288
532,1,1
550,58,342
67,58
554,555
550,248
67,556,4744
30,557,16
330,58
558,58,12
554,347,4380,4820
559,162
560,561,30,12,862
67,661
562
347,568
347,71
529,579,69
177,550
563,563
150,1
3936
2,1
223,223
529,30,554,817,4756
58,58
564,15,1750
554,565,565
162,566,550
567,4317
568,569,4246
67,570
20,223
571,20,3937,3938
20,929
177,67,3962
572,69
568,58,30
30,58
71,67
330,347
30,573,3940,14
525,159
386,22
386,574,3940,3941
564,347
575,58,4290
550,58
576,58
58,58
577,577,172
550,578
579,550
550,58,3942
58,58
570,58
66,58
580,58
581,58
582,58,580
58,58
58,58,3964
582,591
69,582,342
583,584
585,58,3978,86,299
550,586
30,20
30,342,725
529,12
529,58
587,3944
148,148,3945
588,588
58,589
58,186,30,58,929
86,620,536,4199,4447
12,590,4671
299,223
591,592,586
283,151
58,58
433,58,580,1152
552,552
593,151,151
594,58,3978
43,30
536,595,12
577,577
596,162
30,597
598
280,736
58,288,288
58,58
596,633
550,599,3954,4249
599,550,3951
599,550,451
58,58,4389
310,600
601,3947
602,330,162
603,603
604,67
186,4023,18,4695
12,605
588,588
582,3952
606,90,4109,4200,4205
607,3972
608,3958
607,775
609,58
610,4035
611,611
30,71,4268,4894,5005
612
559,71,4810
58,613
614,614,3956
615,616,3952
617,615
312,310
586,249
618,618
619,58,3966,4944
344,74,635
69
620,621
622,623
624,624,3969,4008,4038,4076,4210,4264,4284,4634
177,71,58
386,625,3957
626,627
628,629,3960
630,630
342,69
31,31
631,601
632,626
58,58
288,58
633,633,162,58,4809
486,162
94,94,58,4082,2137,4615
634,635,310,3981
635,636
403,86,344
635,347
386,586,58
637,637
552,552,576
586,1,1
177,58,4396
177,638
639,3982,2071,4392
640,2
58,640
12,67
641,3971,57
640,3963
612,635
262,3971
43,680,4052,4055
63
642,643,4063,4066,4276
162,644
645
646
18,18
586,647
648,649
177,486
650,69,650
559,12,806
9,651,177
652,71
292
288,148,768
653,177
550,342,4158
177,635
535,580,177,162
654,199
67,177
655
656,635
657,3913,177
658,4079
635,58,1358
659,177
601
199,199
262,800
660,660
661,662,4679
663,58,635
664
665,58,177
666,403
69,310
667,3978
4293
148,148,162
58,58
668,58,67,342,58,58,58,58
58,58,4404,4429,4580,4708,4774
669,12,450
670,670
671
478,705
288
30,672,58
30,673
674,675
58,58
676,677,586
67,30,327,199,300
177,58,344,5000,5002
675,674,18
678,3970
199
679,4006
680,69
1,86
681,310,4070
67,300,30,86,148
682
683,683
684,86,631
685,686,57
687,218
177,688
689,689
690,354
58,691,57
692,177,162,37
684,300
693,693
694,775
695,58
4039
696,3974
697,57
698,218
698,58
321,4461,4918
680,699
700,701,3988
502
702,4110
703,550
704,58
705,696
180,30,4384
706,706
707,30
150,708
586,586,4314
709
710,57
257,711,57
707,712,4359
713,3981
714,3985,177,635
715,443,1423,929
716,58
717
718,12
719,635,550,631
58,720
680,347
721,721
722,162,3987
723,3986
724
725,30,4397
726,727,31
728,728
79,708
729,4080
730,730,177,635
177,731,30
732,732
58,733,4465
57,734
735,443
30,58
736,4046,4077
737,3987,680
162,58
738,30,9,12,162,26
739,14
30,708
740,4028
478,529,470,2055,4259,4727
736,736
736,443
741,742
743,310
744,478
478,478,4093,4380,1973
478,478,4487
745,745
742,742,4030,4651
742,12,451
746,79,57,1082,67
747,747
310,748
749,58,2344
750,71
751,71,3993,742,757,3996,4198
752,753
754,443,4013,1891,4522,4897
755,2124,86
310,756,4169
757,67,668
758,758
30,708
759,750,4406,4455
760,1570
761,761
762,762
199,199,58
303,1074
763,763
387,30,310
764,58
765,766
758,14
767,4000
43,12
162
310,768
769,478
770,478
67,570
771
769,4001
772,772
773,773
570,58,265
589,185
12
772,772,4969
774,635
775,11,4028
776,777,4223,4304
57,67,4583
67,57
4003,4074
177,778,4004
177,779,775
754,754
150,780
774,774
781,3958,177
782,668
783,4041
784,784
785,177
67,67
378,378
26,4007,4074,2268,4656
378
786,998
387
787,57
713,4006
788,4011,4048
12,1,4078
177,789,668
790,529
791,69
199,199,1156
792,22
554,793
794,4023
795,705,299
473
796,1156
797,1,1
798,265,4170,4480
30,799,4010,799
800,801
802,18,58
792,12
787,57
57,803
804,150
805,4017,12,4018,806,4020,3109
806,807,4311,4586
774,458
808,330
809,774,774,4454
708,708
742,1296
810,810
811,2,817
812,4020,478
813,199
814,58
815,1449
816,814
786,998
817,818,554,742,4361
423,423
774,742
705,795
812,933,631,812
347,347,37,18
819
820,57
821,822,4024,1081
423,423,342,1041
823,750
824,4023,177,742
177,825
820,4022,57,4023
138
826,4070,1567
736,736
827,705,4028
577,1053
828,829
830,830
262,634,18
31,877,4026
342,829
831,4026,4366
832,4028,631
649,634,4826
833,705,300
834,834
303,634,829,26
183,342
786,900
342
835,2291
4060
836,836
310,837
838,4035
839,4033
529,969
199,4032
840,580,177
841,4034
347,742,806
842,843
844
840,57
845,847,82
846,177
843,4071
847,848,705,1152
529,893
262,929,4550
742,1316,4062
529,615
849,847,177
844,554
18,143,143
850,26
851,851
852,177,18
853,853
12,854,18
347,2
855,3514,855
856,57
736,736
71,857
858,4043
859,4040
860,342
826,1515,71
861,861
18,862
863,842
864
67,570,4044
839,1222
58,58,4045
865,750
866,4045
742,933
857,4036,1152
67,1081
67,58
867,893,4327
67,18,817
868,67
458,4053,1646
869,870
696,696
12,871
872,169,872
873,742
18,874
12,857,857
875,875
12,799
876,1074,310
877,878
177,879,67,742,631
880,1053
881,881
67,4185
882,857,4036
883,4143,14
884,884
671
18,885
886,300
887,887
878,893,4645
888,4081
889,889,4036,177
525,877,18,918
525
342,310,1460
890,4058
891,750
892,4045,918
893,894,1064
895,4045
57,896,4058
829,829,4059
41,4066
897,898
893,899
900,792,1,4439,4441
901,71
792,893
199,4125
12,902
903,4045,4195
874,792
904,4067
177,905,4045,1885,960,4343
906,74,74,2084
67,30,847
795,795,30,941
30,907
30,874
908,908
57,909
909,4398
910
911,911,847
912
177,907,4066
913,914
913,1079,4159,1068
419,1079,4225
601,265
12,915
916,916
917,913,310,4220
918,914,4064,4413,4729
37,877,30
612,18,4249
919,342
893,67,67
920,4201
921,67,847,847
922,1074
923,1074
310,342,4910
924,924,929,4068
925,58
926,926
857,30,4112
927,58
928,2
290,874
874,2,1675
86,26,327
929,930
218,218,4045
310,931
932,726,4092
933,934
935
936,847,4414
57,937,930
774,4281
150,938
939,4072,4328
940,30
684,684,58
26,941
915,915
310,941,4156
942,342
943,86
944,631,58
929,929
941,1045
945,4045,82
946,4295
929,86,580
947,874
26,948
949,4075,631
950,929
951,4138,4339,53
12,952
953,4168
954,750,847,954
955,847,86
929,956
941,847
957,929,4676
958,959
959,86
960,300
961,86
631,874,300
962,58
874,963
964,12
891,1023
965,966
929,58
967,631
968,874,877,631,58,1955
969,58
970,970
2,2
386
310,971,1320,4795
310,69,1320
972,4084
177,177
973,929
974,576,1320
975
177
612,929
976,929
977,4087
978,4086,86,177,4907
67,1081
979,177
86
877
696,4088,696
980,4059
981,929
86,4091,4098
150,529
529,183
982,4090,86
983,983
177,86
877,26
984,985
929,874
18
986,4045,874
12,929
71,987,929
988,67
989,631
990,990
893,991,4257
992,4095,4096,4097
941,1232,4776,4996
71,931,929
993,67
177,994,631,86
995,996
14
929,980
997,1081
18,86
1001
998
877
999,929
929,1000
957,998
1001,1000,4639
980,1074,4559
67,14
1002,4104
438,1003
1004
67,67
67
1004
965,631,4106
1005,631,4407
96,96
86,18
1006,4105
1007,1138
1008
1009,1010,4597,4763
1000,57
57,1011
631,177
877,874
631,1012
30,4390
1013,1013,4108
999,1008,1012,57,4723
658,1074
20,4217
1014,1005
1015,1015
1016,30
1017,67,177
877,1018
96,96
1019,1007
12,67
658,4114
1020
1010
1021,177
150,1022
525,631,4157
67,1023,86
67,1024,631
1025,86,26
299,1020
57,993
1026,1027
1028,4111
1029,4207
1030,177,1007,67
1008,1031
1032,1032
973,1008,973
1033,1034
162,1007,300,177
862,1089
58,58
299,1024
965,4116
177,1035,631
4127
14,58,4204
1036,4115,249
1037,4767
1038,1038
14,4222,4683,4684
1037,4119,4120
1039,1039
1040,877,162
839,839,877,1062,2205
1041,1042,4151,4861
57,1043,4388
740,4118,58
957,4117
1014,1074,58
1044,58
525,4129
1042,4026,1064,4139
1045,1074,4993
1046,877,1014
1047,58,994
1048,4226
1049,1066
642,1050
1051,1051
941,4121,4209,4228,4230,4336,4370,4690,4701
1044,631
742,1089,4219,666
1052,4122
1053,1024
1054,4122
631,1055,1066,58
1056,1057
1058,1064
1059,1005,67,631,58,1060
800,941
1060,1201
941,1009
26,26
1061,1061
1062,1063,635
1064,1065
1066,1067,1064,4126
1068,1069,4122
1070,748,1062
932,631
1071,631,58
1072,1072
1066,58,4121
1073,1073
1074,1075,1062
1076,57,1053
1077,1077
1078,177,1053
822,1053,1062
1079,4225,4350
1080,150
1042
1081,1082
1083,4128,68
30,1043
742,1064
1084,1081,4151,18
57,1000
1085,1085
1086,1086
1087,4148
792,1104
30,1088
1089,71,1109,2084
57,1000,1109,4132
631,1090
1081,1091
1062,1070,4352,4906
1070,1062
1062,1070
30,1043
631,631
1092,4133
1062,1070
1093,162
177,1094,2084
631,1095,1098
929,58
1096,4152
1097,1097,631,2117
1095,1066,631
1098,1095
1070,4206,3905
822,4070,4791,635
1099,4070,1150,1356
1100,4201
1101,1101
1102,1102,4134
1000,1000
1000,1000
1103,1103
1072,12
1104,1105
1106,1106
862,269,4399,2855
1107,1079
1108
1,1
422
1109,1109,4687
1000,1000
1110,4028,4231
1000,30
957,1104
1062,1070,269
1000
1000,1000
1000,57
57,1000,4135
1000,844
1111,1111
1112,57,1000
631,1000,57
1113,2520
1114,1104
1000,30,631
1000,631,4142,177
1
1064,1115,1008,1180
1116,1064,4543
1117,1104
1118,4146
1000,58,58
1000,58
1000,1119
30,1043
1000,1064,1152
1000,1120
1121,3803
1122,1103
1123
1104,1124
1042,1062
344,344
1094,1094,4531
1125,874
1062,1070
1126,4140,631
1127,1161,1068
1128,4141,1062
1129,4142,1062
1091,1081
1064,1000
1000,1064,1460
347,438
1000,993,993,4147,4416
1130,4144,1125,877
310,1131
1008,1091
1014,58
1000,67,30,12
1132,4122
1000,1000
1000,1000
1133,1122
1134,2084,1819
67,1142
1129,4160,1129
1000,1000
1135,1135
1136,1045,554
1137,622
1138,874
1139,1150
26,941
1140,2084,4151
600,1142,633
1000,2084
839,310,4149
30,1000
631,631
2,1141,30,1103
1142,1143,877,1634,12
1144,1145,79,3483
30,1146
1147,1147
1148,1148
386,1149
941,4151
1150,1151,4153,1000
67,12
1152,1152
269,1153
1154,4153
20,20
30,1155,177,4151,1567
1000,4151,4143
310,1022
1156,1157
1158,1158
1000,1000
1113,631,4262
1159,1159
1000,300
438,1160,4557
1161,1162,4121
1163,1164
1165,4151
1166,1166
1166,1166
30,1167,829
1168,4154,1168
932,310
1169,1169
1166,1515
1103,1103
1037,969
1170,1171,58
1070,4216,4322
1172,1173
1174,1105
1175,310,1464
957,2084
726,1161
1176,1068
1177,1008
1178,1152,1345
150,1153
1179,1208,4162
1180,1181
1182,26,18
1152,1152
58,58
1183,4151
1184,1464
310,1103,2291,2002
1180,1060,1060,3916
1185,310
1178,1152,4645,2844
1186,1180,874,4163
1187,30
1188,1189,2093,26,1053
30,229
1190
1191,635,30,576
1192,20,4430
1186
30,1193
666,20
1194,1189,1062
2,1195,4164
1152,1152
20,4165,4166,631,2844
1196,4201
893,1152
438,1197,4172,4667,4758,4949
1198,1198,4175
687,687
1199,4171
532,1200
1013,1201
1202,1199
1203,56,67,1203,4300
1152,1152
229,577,1322
1204,532,1508,67,30
1204,1508
631
1205,1205
1206,1508
177,67
1207,1207
532,1200
1062,1070
1208,4174,4151
1209,4108,1068
1210,1263,1495
4176
969,1211
1212,4181
750,1211,1245
1213,1213
1068,1173
1211,4180
532,658
1214,1215,893
1216,750,1216
1062,1070
631,522
1217,1222,554
1218,1010
815,4183,20
57,1219
631,1220
1221,2309
1222,708
1136,1983
1223,12,666
1211,1211
1224,1068
1225,1225
1226,58,57
30,1227
342,1228,1235
1229,1229,1252
1230,1230
1231,4188,4188
1232,854
1233,4191
1234,202
612,57,473,2500,2692
1228,554,1222,1062
957,633
305,1235
30,522,4197
1236,1222
1211,750,1211
1237,257
30,874
1238,874
1239,576
1240,1240
1239,576
1241,877,1232
1238,1238,4190
1242,4189,1242,4217
1068,1243
1244,342
1245,750
1060,1060
347,342
1246,1246
57,1247,4197
1248,1252,1260
57,1249,4589
750,1250
1251
1155,57,4596
58,1252
1253,1253,4405
1254,1252,148
347,86
1062,853,4194
1255,148
1256,1062,4194
1257,4224
1239,1634
1258,1268
939,4196,4206
1259,1259
1259,1259
1248,1261,877
1260,1261
1262,1262
1263,1264,299
86,1265
1266,30,554,56,4546
2,696
696,696
1267,1267
1268,1269
1270,310,2073
221,1451,4270
750,1269
1263,1271
1272,58,4390
1259,1259
1273,299
1274
1275,4201,969
14,969,4283,4301
1276,1013
1277,300
1278,1278
1279,1279
750,1280
1281,4201
1282,1197
1283,1283
931,931,310
629,57
58,58
1284,554
1285,696,4203
509,509
1062,1286,1180,4208
1287,1288
969,1289
1013,1290,1276
1291,299
1292,310
1293,1293,4381,4442,4468,4475
1294,1294
12,470,300
1295,3312
12,1296
3,222
3,671
3,180
1297,4212
1298,4213
26,1228,4211
969,1299,750,4856
1300,1301
1302
150,1303
969,642
969,1304,4214
579,579
1304,4072
687,687
1305,4277
12,1306,1282
1307,4261
30,58,4060
1308,4215
450,1309
1310,1310
1125,4215
1282
1311,1312
1222,1313
1095,633
1314,4221
1315,1315
30,58
1316,1316
1317,1446
1318,1314,57
1319,1319
1320,1320,1865
1321,1321
1322,1323
622,1324
1325,58,1375,30
1,1
1326
310,1327,4490,4605
1282,1328
1329,1330
580,1331
297,297
750,1216
1332,580
1333,829,1380
1334,1334
941,1358
1335,1335
829,1010,642
1336
580,1337
106,1338
106
1339,1013
1340,1228,57
1341,969
26,1342,1360
1343,1343
1313,1360
1344,829,1062
1345,4224
1346,58
1,1
1347,829
1183,310,4452
829,1348,969
56,1349,26
1350,1350
299,1208
30,1351
14,58,4227,1446
12,470
1352,460,4603
1311,1353
1354,310
1355,4295
1062,1070
1356,310,1356,2291
1357,1180
1358,1359
1360,299
929,1208,2260
750,1361
907,4321
1362,1441,300
14,1885,4433,4544
1363,1062
601,1380
1364,4309
1365,1062
12,1366
1367,1380
929,1368
300,300
1369,1370
1371,1371
1372,666,1372
342,4271,4491
969,1373
1374,666
1375,310
1369,1376
1377,1157
750,1378
1379,1379
1380,1381
1382,4232,1358
1383,1384
1385,1385,58
1386,1387,58,4280
1388,58,4471
893,1323,1722,4560,2093
1380,2534
1380
1389,4233,4233
166,633,750
750,1269,1451
1390,1390,1380,4234
1391,1391
1380,1351
1380
1392,1392,1380
673,58
1332,1393,4236,4237,929,4238,58,262
1394,2084
1395,554,58
1396,1396
929,1397
1398,1398
1399,58
1400,893
4269,1180
58,1401
1402,1403,1702,4383
929,1404,4356
347,58,1142
1405,1269,58
1406,4239
1407,1138,1068
696,150
1408
1409,310
1410,1380
1269,969,68
1411,929
1412,929,4571
1211,750,1211
1413,1411,1380,829,4297,1411
14,1414
1415,4242
1028,4243
1416,1441,580,57,4565,4865
1417,929
1418,1418
900,1411,3929
1419,929
554,1420
929,1421
1422,1422
1423,4244
1424,1425,300
929
1426,4244,580,31
1357,58,4551
1427,1380
1422,1422
31,862
799,1390
1428,929,4436
1429,4245
893,1430,4254
1431,1569,20
969,1432
342,1430
893,1400
1433,1434
1283,342
1435,1435,4248
1042,342
1436,1437
1438,1438
1435,1435
1129,4255,1645
1439,1439
1430,893,1430,877
1440,4250
1441,1442,4251
1443,877
1444,1445
1446,1508
1447,4252,1486
1448,1441
877,1449
1450,4258
1451,1452,4294
1453,1454,1460
106,1455
1456,1380
696,1441
58,1457
1458,1515,1380
1380,347,1441
570,58
1459,1460,1449
422,4256
1460,1461,58,4260
1462,1449,30
58,1065
1463,4258
106,1455
1464,1465
1466,30
1467,79
1465,300
1380,1430
1468,4263
79,1469
1380,929,300,4372,4401,4842
342,58
1470,1470
79,1269
929,347
1471,342
1380,58,4582
1380,347,1453
1472
1473,58
1474,1460
1462,342,30,631
342,839,1453
1475,666
1455,1455
671,57
1476,58,554
1477,750
1476,1380
1060,58,4720
750,1269
68,1478
423,4556,576
1479,58
1480,1380
1041,58
1480,58
1481,4266,4267
1482,67
1483,1486
1484,58
929,67
1485,363
369,4320
20,1486
1487,4261
1488,1488
1489,1489
1490,1490
1491,799
1492,12
1493,1013
1494,37
473,473,554
1495,1495
1496,1496,4545,2736
971,1460,1506
633,633
30,1480,4272
1497,750
666,1498
1499,666
1380,347
1500,1380,1506
1476,1380
1380
1501,1501
1502,1380
1503,30,4563,929
1504,1380
799,4353,1180
1380
26,1380,4275
58,58
58,58
58,58
1403,1403
1157,4274
994,666,994
969,1505
1506,4273,642,4298,4825
1507,1507
1508,58
1380,1509
1510,4274,1885
1511,1380
1380,1512
1380,1513
342,1514
1515,1516
1517,1517
642,1518
1512,1512
1519,1520
1521,30
1380,1522,4542
1523,1380
67,1524
1180,1525
1526,151
1380,1527
1528,642,4278
1529,1530
1180,1103
1306,1180
860,1380
1531,1532,1380
1533,1533
633,633
1534,1534
1535,4403
509,509
1536,4288
1537,14
1538,1118
1539,1539,4505
1540,4282
1541,1885,4289
1542,893
1543,58
30,473
1544,1156
1545,4286,4287
633,554
221,1380
1546
1469,1469
310,221
1547,58,14
1548,1548
509,1380
1103,1103
1549,1411,26
1514
1550,4299,4990
1551
1514,1514
1552,14,1380
1380,1553
1380,1553
1554,4324
1555,1380
929,1514
1556,57,4499
14,1557
1054
14,1042,4594
1558,4295
684
1559,1559,4291
1560,1560,4291
1561,4292
1562,4292
1563,1380
1564,554
1563,1380
1565
438,1566,1566
576,1567
14,58
1568,14
1569
14,1570
14,1570,1380
1570,1570
1571,4296
929,1470,1470
1572,14
1573,929,4974
1574,14
1575
26,1576,4800
1405,14
1553,14
750,1208
1514,14
14,14,1199,4789,4792
14,1054,1199
987,1577
1054,342
1562,1553
1578,877
1563,929
1579,14
1476,1460,3905
1525,1525
1380,1580
1581,2260
1054,4334,4645
1380,1582
1583,1583
1584
1585,30
1539,1539
1586,4293
1587,14,1380
67,1380
1588,1589
460,2260
1590,877
1591,4283
1592,12
1593,37,929,4303,4306,4307
1594,1103
1553,4308
860,1380
929,1595
1103,1103,829
14,1596
1597,4305
556,290
1380,1598
1588,4528
1599,1560,1380
1600,877
1601,1601
58,1589,1589,4462
106,1054
106,1054
1602,929
1071,14
14,1603
1563,82,1563
310,1604
1605,14
929,1042
966,966
57,1606,4310,1380
58,58
1103,1460
1607,69,1217,1983
929,1608,633
929,1609
929,58
82,1610
14,1034
731,731,14
14,1611
731,731,14
1612,4313
1034,1034
1613,4623
1614,4150
1054,1054
1560,4287
929,1514
1615,1615
1616,14
1054,14
1617,14
1618,14
929,67
14,1619
14,1620,1380
1054,14,310
1621,1460
1622,1622
1623,1589,199
14,1380
162,58,2937
1054,666,4316
14,874,1152
1624,1180
1625,4315
57,1000
1460,1626,1380,1054
184,184
1460,929
1054,1644,666
576,1627
1628,1628
1629,1629
148,148
1614,1630
666,1631
1632,821
1633,14,4419
177,58
1633,148
666,69
1634,1598
1635,666
1636,1619,4705
1553,1380,1722
1037,106
14,4323
666,1631
1637,1588
1054,58,4349
1380,877
1638,1638,929
1054,1054
1569,1639,829
106,14
1640,58
929,1619,1629
622,1152,4509,4520,4574,4712
929,1638
829,1631
1641,148
1638,1508
1642,1460,1380
1643,1614
666,1644,1380
67
1460,1558
148,148
1644,1614
666,1645
1646,1631
1644,1460
1644,1614
1647,821,4415,4435,4485
1355,4313
1648,58
1638,1687
1460,1042
612,612
1649,1649,4181
1569,1638,58
1650,1650
1651,1652
1653,58,929,4293,1380,26,4287,4325
1460,58
1654,1654
58,58
1655,1655
929,1656
953,1885,862
1249,1380
1657,929
1658,199
58,1659
1567,1660
1661,862
1662,1662,199
1663,862
1631,1631
58,58
1614,1664
1665,929
862,1444
1666,1666
1667,1567
941,4326
57,1668,4329
1531,1669
1567,1514
1514,1567
666,1670
1671,1380
1514,1514
67,1380
1629,800
1486,1486
1514,1672
987,1702
936,1380
1672,1672
1673,4330
877,1674
1673,1405
1675,1676
929,1269
1650,1650
1631,1631
829,1677
941
1677,4330,1460,1486
1486,1631,929
750,987,987,4618
310,1678,4332
1679,1380
1680,829
1380,1681
106,671
1682,1672
1631,1631
666,1683,4665,4920,4930
58,1684
1685,1380,4409,4457
1380,1638,58
1686,1345,58,4335
1687,1687,4333
1680,1569
1644,1644
1674,4446
1688,1674
1689
1690,4355
1563,4338,1563
1691,20,30
67,1638
1692
1693,1380
1694,4337
941,1380
1654,893,1654
1695,1695
1054
1696,1752
1670,1
1697,2
1698,58
29,1699
1700
829,1701
1054
58
1654,929
1702,1703
1704,150
67,1705,877,1380
1706,893
1707,1261
893,1674,3912
1702,1269
1380,67
53,67,1723
1708,829,1705,4530
67,1705,1675
1380,1709
1710,893,4495
1711,1634
1712,43
1638,1725,4341
1713,4337
1714,310
1654,1485
1715,1672
893,1716
1717,929
148,148
1718,1672,4411
1719,1720
1721,1672
30,1722
1637,4342
1723,1724
1725,1725,1380
1726,4340
1696,1719
1727,30,1068
345,1508,1785
1728,58
1037,106
1186,1672,1722,4350
43,68,4533,4691
1729,1729
1730,666,4348
1631,1631
1731,1719
1732,1732,4345
1170,1733
1674,4646,4762
829,4350
1734,969
1735,1722
1736,1460
1737,1737
1736,4369
1631,1631
969,347,829
1738,14
1722,4403,1804
1739,1722,1380
1740,68,30
932,1380
1570,1570
1741,4242
1742,1742,1380
969,1743
969,1638,1460
1744,1380,4360
1745,1745
1638,969,1405
969,1746
30,30
1054,1054
1531,222
1747,1747
1563,1672
67,93,4351
1748,580
987,987
342,1749
1750,1751,4699
1719,1752
1563,1380
1670,1750
1753,1753
1172,1716
1753,1753
1672,696
1380,1626
1754,1755
1756,342
1757,1757
1758,1753
1750,1759
1760,30
1761,1761,1180,1172
1759,1759,4357
750,1762
1626,1672,1722,4365,1626
1763,4360
1764,1764
862,1750,1810
750,1765,1765
1750,1766,1750
1767,1767
1768,1754,68
53,4362
1769,4363
1714,310
67,4364
1770,4360
1531,1771
1772,67,4365
1773,4394
1722,1600
1774,1775,1775
1776,1777
321,321
1695,4368,539
1778
1779,1779,1750
68,1780
885,1614
1781,1090
310,69
1531,621
829,885
1782,4371
1783,4378
885,829
1784,1784,1785
1785,1797
1786,4373
1787,1631
1788,539
564,1514
862,1722
1789,4373
310,1631
1755,4373,862,2466
1790,310
1631,1631
1791,1791
1792,4355
1793,862
30,1794
12,1722
30,860
1795,12
1796,1838
1054,1054
1563,4375
1797,621
1798,576
1799,1026
1791,1800,4514,4650
1801,1380
1802,1380
750,1803,4764
1804,1780
68,1514
1805,900,1413
1806,1806
1807,106
844,4529,4547
1629,1629
1808,4381
1722,1809
1810,1670
150,1725
68,1811
310,1650,82
1722,1782
1631,1631
1812,1157,1839
1813,1813
1814,1722,82,4555
1815,68
1650,1650
1816,1816
1767,1767
1817,1753,4481
1818,1172
1819,1812
1820,310,1820
1460,929
1631,1631
1821,1821
1822,1824
1823,1838,2190
750,1803,1830
1824,1629,1460
1722,1825
1722
1826,1722
1722,1838,1232
1827,1830
1828,1722
1830
1804,1828
1829,4666
1650,4385
1172,1172
612,1380
1830,1831
1832,1888
1812,1512
1833,57
1804,1834
1835,1835
1722,1836
1754,1754
1837,1824
829,554
1831,2338
1838,1839,1842
1840,1842
1841,1722
1842,1876
1722,342
1672,1672
1843,1722
1844,1844
1845,4391
1846,1847
1848,1824
1142,1849,829,4933
1850,4391,1838
1851,4391
1852,4393
1853,4391
1854,1830
1722,1855,1672,862
1856,1930
1537,57,4753
1857,668
554,1858
1722,1722
1859,1859
1830,1860,1804
1616,57
815,57,815
1861,1838
1862,1672
1722,799
1722,1505,929
1722,1863
1857,1830
1864,1830
1865,929
1866,1722
1722,1867
1851,1851
1868,4317
1869,1812
1870,1870,929
57,1103
1871,1872
1873,1873
1874,106,4587
347,1838,4437,2679
1839,1839
1722,1747
1875,1722
1876,1877
1722
1722,1722,4486
1650
1722,1878,1879
1879,1759
1838,1880
1881,1881
1882,1722,2505
696,4400
893,1759,4400
1021,4425,4489
1883,57
1884,1884,4192
1885,1886,4772
1505,1505
1887,1876
1888,1889
1890,1531,1890
67,4403
1891,1892
1893,1804
1888,1870,1870
1894,4400
1895,4421
310,1896
1897,1888,1897
1898,1891,106,4575
1899,4430
1166,1062,4428,1385,4636,4915
1900
1891,1514
1476,1722
1830,1512
1901,1830
1902,1722
1903,1903,106,4746
1904,106
1905,2505,680
1385,1514
1906,1385,4414
966,1907
1367,893,4434
1830,509,4446
509,509
633,4417,162,4854
1908,4424
1732,4417
1909,4373,1804,631
1910,1910
893,1911
1912,4418
1913,1914
1804,1915,4420
1916,1916
1917,26
1918,1722,4422
1919,4427
1920,1920
1921,4417
1900,1066
106,1889,4417,1926
1889
1922,4423
1923,1506
58,1924
1925,57,1830,4737
1926,1927
1804,1928,58
1916,1916,93
1929,1379
1930,1931,169
1932,4503
93,1933,4896
1864,4430,1876
1514,1514,1379
1934,169
1935,4417
1531,1936
1650,1650
1933,310
1937,1937
310,1933
1923,1923
1830,1650,1650
1938,1723
1531,67
1066,1939,1804
1871,1940
1941,1933
1650,1650
1942,4430,443
347,310
1923,347,1923
1943,1943,1804
1944,1944
1945,1945
1166,1166
1946,310
1947,1947,4648
1948,586,929,4446
1949,1950
1838,1692
1951,829
1170,1932
1952,622
1567,750
1953,2035
1954,4432
1955,1955
1956,1090
1906,1838,2071
1725,1725,1861
1650,1650
1957,4540
1958,1958
297,4421
1959,635
1960,162
1567,1810
1961,1650,1026
1906,635
1962,4438
1963,987
635,1964
1965,310
1966,1967
1968,1968
1969,1026
1970
1838,1971
1972,1838
1973,1974
1975,1975
952
1838,1976
1977,1977
1978,2009
1979,1804
1980
1981,4440
1810,1759,1759
1982,450
1983,1650
1984,3230
1985,1876
1804,1986
1650,1987
1988,1773,3043,4942
1989,929
1725,1725
60,877,1650
1990,4467
1650,1650
310,1991
1380,1514
1992,1380
1993,2028
1994,4629
966,1995
1996,1996
1650,1650
1876,1997
1955,4635
1998,1999
310,1894
1729
2000,2000
2001,1838,4444,4440
1505,4523
2002,829,4631,635,2002,4681
1650
347,4446,4553,4554,4796
2003,4443,1485
2004,4445
2005,4445
2006,1804
1831,1485
2007,2009
1411,2071,327,4449
14,2008,4448
1894,4440
2009,2010
2011,1650,1485,4686
2012,2009
2013,1485,4451
74
60,2014
342,2035,2028
2015,4607
1983,839
1054,4449
2016,2016,342,4637
1956,2017
2018,4554,310
2019,877
2020,4450
2021,4437
2022,4035
2023,2023
1804,2024
60,1514
2025,14
1827,2028
1804,2026,4638
310,2027
60,31
2028,2029
2030,2030
1054
2031,2031,929
2032,2023,2028,60
2033,2402
2034,929
1103,1103,4453,4914
2035,1054
1650,1650
2036,2071
1283,1283,2071
2037,2403
2038,4454,4883
1986,4614
1514,60
1804,2039
2040,26
51,2041
799,2042,4696
2035,2043
2044,1986,4694
2045,2045
2046,2046
2035,2047
2035,67,4766
26,2048
2049,2049
60,1514
929,2050
2051,893,4456
2052,2052
2038,2028,966,4459,4460
2053,2053
2054,2055,4458,2080
1885,2056
1986,60
148,148,1403,4570
60,2057,2028,4610
2058,4464
60,2059,4960
2060,649,4730,4778,4794,4893
2061,4760
2062,2062
2063,2064
2065,2071
2066,4803
1411,2064
2067,2068
2064,2069
2070,2070
2071,2069
2072,2073
1010,1010
2073,1631
2074,1405,2084
1141,4466
2075,4407
450,1754
2076,4470
169,2077
2078,1141,2080
2079,2080
2081,2079
1086,893
2062,2062,4471
2082,4471
1732,1732,2009
2083
1669,2403
2084,4472,4642,4798
1983,2085
51,1971
2086
525,1026
2087,3230
2088,1026
1650,1650
929,2089
929,2089
1725,1725
2089
2090,4240
1180,1180
2091,2009
2092,2605
438,2093,1054
2094,4474,2099,2073
43,43,4518
2095,2095,2131
2096,2028
1514
2097
2098
2099,2100
2101,2050
2100,2073
2100,2073
2102,4476
2103,51,4471
2104,929
2105,4213
2073,2106
2107,57
2108,4478
2109,1983,310
2110,4477
2111,4478
2073,2112
829,2112
2113,635
829,1122
310,2114
929,1798,1180
2112,2112
2073,2112
2112,4479,2073,2112
57,2112
2112,2112
2073,885,885
2115,2117
2116,2117,4714
2118,929,2685
2114,4483
2119
2120,4494
2121,2122,750
2123,2117,2123
143,2142,929,4922
2124,2125
2126,1066
929,2127
402,4647
2112,2112,2121
2128,2112
532,2129
554,2125
2130,151
2131,2132
2133,2142
532,2134
2135,1066
2136
175,2137
1650
2112,2112
2117,2112
2138
2117,2112
51,2139,532
1650,1650
2140,929
51,2062
2112,2112
2052,2052,2605
2112,2112
2112,2052
2112,532,2112
750,2141
2142,2112
1804,2143
2144,310
2145,162,4809
60,2112
2112
1062,1070
2146,151,4496,4497,2254
2147
2148,2148
1208,1794
2149,68
1977,1977
2605,327
1983,2150
310,2151,4752
347,347
2152,4595
2153,2153
2121,2154
1753,1753,2403
2155
2156,4498
2157,2158
2159
1650,1650
2160,2160
1460,2161
2162,4502
2163,4501,2166
43
2164
2165,4507,2223
438,2166
2167,2363
1211,750
2168,4507
2169,2170,2170
2090,60
1983,2171
1896,4502
2172,1754
2167,1629,1629
1878,1588,1983
2173,4506
2174,2174
2167
565
2175,4672,1891
2176
1460,2177
1725,1725
2178,2178
67,67,3015
2179,4507,4506,37,26,2506,4660
2180,2180,3840
1672,1672
1983,1356,1529
2181
2118,4526
2182,622
2183,1838
2184,2184
2185,4508,2181
2186,4239
2187,4513
2188,68,2
1182,1725
57,2189,4508
2190,2199
67,1838
2191,3231
2192,2193
2194,1631
2195,1485
1629
2181,2181
2182,4549,199,4734
2196,2197
2198,4516
2112,2
2199,2112,2112
2199,2112
2,2112,2112
2200,2200,4510
2201
57,1756
2202,4511
57,1200
2203,893
2204,2204
2205,2205
2206,2206
2186,2186
1835,4626
2207,4515
2208,16,2634,1066,2268
2209,4688
2210,4517
2211,2211
1166,1166,4536,4584
2212,4519
2213,4581
2214,4561
2215,2215
1514,1514
106,2216
2217,1485
1189,4519
2218,2218,2706
1754,2154
2219,4573,4696
438,1725,4515
2032,893
2220,4524
2221,2222
2222,1631
310,929
2223,2224,4616
2225,4525
2226,2226
2227,2223,57
310,1631
162,1549
2047,106,4901
1514,1514
1514,4527,2605,4592,4614
2223,2228
2229,2229
2153
2230,1754
2231,2223,57
2232,4537
2037,2037
2223,2153
2222,1570,1570,4130
2233,2223,4558
2234,2235
2235,2239,2268
2236
1531,2237,2605
57,2238
2239,1194
106,2240
1066,2241
2239,2242,57,12
1228,2243
2244,2244
2076,438
2245
1782,2895
2240,2240
1039,342
2246
2240,2247
2248
2249
2122,2122
2250,2250
1066,2251
2241
2252,750
2182,622
2253,631
1761,929
1672,1672
2254,2255,631
2182,2254
2256,2402
2257,4532
2258,929
2259,2082,4770
2260,2261
2059,2059
2262,57
932
2263,4541,1567
57,2264
1066,1351
2265,26,2245
2182,4554
1786,4567
2266,2267
262,631
2268,1878
2269,4535
2270
2182,2268
2271,2272
1675,1062
1567,1567
1675,2273
106,1672
1732,1732,342
2274,1180
162,1113
2275,1066,4543,4693
2276,2271
1567,2277,1983
929,2278,4614
2076,1066
929,987
1026,2279
2280
2281
1725,2282,162
622,2283
2284,2285
60,31
60,2240
1103,1103
591,1103
2286,2286,2284
1567,635
2287,2271,4552,2268
67,1066
60,2288
601,4614
2289,2579
310,2290
310,2291
1066,2267
206,154
2292,2292
2293,4205
1693,206
2294,4205
2295,1103
2296,1066,206,4802
2297,2297
2298,1983
2251,2251,2284
1514,206
206,2299
206,2300
2267,2267
2301,2028,4776,2464
2302,2302
2303
310,2304
2305,1505
423,2093
2306,3023
347,4556
1827,1827,2028
1062
2307,576
2308,2308
2309,2310,2313,4578
2251,2251
2311
2312,615
2313,2314
1066,2315
2316,2316
2282,1754
2317,576
2251,4567,2844
2318,2318
2300,2300
1973,2319,4863
2320,162
2321,622
622,2322
2323,2324
1973,2325,4562
310,2326
2327,2327,26
2328,2328
2329,2251,4564,1804
2330,2330
2251,2251,4932
2331,2331
2332,4630
1604,310
2251,2251
2333,2333
2334,2334,1066,4965
2153,2251,2190
2335,26
2336,1804
2337,2337
591,1103
2338,4568
2339
2340,2344
2243
166,1066
2341,2028
929,2342,4569,4775
509,509
509,509
2343,4572
2344,2345
310,2346
2347,1672,3945,4900
2348,2122
1474,106,2260,4877
2349,750
166
2028,2350
57,2351
1786
875,4572
310,2352
1066,2353
1066,2354
310,2355
2290,2356
2357,2358
342,2036
310,2359
2190,2190
2360
2361,2361
2362,12,1066
1800,327
1800,327
2226,2226
2363,2236,4577
969,2364
2365,342
2366,2854
2367
2363,1977,750,1977
2368,2093,4614
2369,666,2122
2370,1066
2371
2372,2372
2373,4585
1066,2374
2240,4590
2375,4588
2239,929
206,2367
2376,2377
2378,2378,1156
2167,969
2379,2380
2381,2381,4700,4754
2382,206
12,1189
2236,2363
2383,929,1804
2384,206
2367,2388
438,1672
2385,2271
1672,1672
2386,4613
2387,1804,342
2388,2389
2390,310
2391,554
2392,2376,4786
2393,2393
1973,2394
2395,327
2376,67
2396,4593,2254
2397,2398
2399,2399
2400,2400
2401,438
2402,2403
2404,4601
82,2243,4600
1515,2299
2093,2093
2405,711
2406,2406
2407,4595
969,987
1800,1800
2408,4623
2409,2409
1380,2389
2410,1380
2299,2420
2236,4600
2411,2411,4614,1458
829
12,2412
2299,2299
1906,2420
2299,2420
2288,877
767,169
2413,1835,4855
2414,221
1411,4609
2415,4600
2416,2416,4600
67,327
2417,4608
106,2418
2341,106
1066,2419
2420,2299,3765,342
2421
2422,2466
1232,2423
2424,4612
2425,3023
2413,2413
2426,2427
2428,2429
2430,4617
2431,2426
2432,2414
2414,2433
2414,2433
2414,2433
2420,2299
2433,4623
2434,4747,2699
2433,310
2435,2479
2436,2466
2437
711,1725
2438,2438,2426
2439,2251,1983
711,2440,43
2441,1107,1723
1517
327
2442,342
2443,666
2444,4619
2445,2446
2445,2446,4940
2443,342
2446,2447
2448,2448,4943
1977,1977
2449
2443,43
666,2443
2450,37,2446,4624
2451,4623
2452,2452
2453,969
2454,2447,2466
2453,2605
2455,310
2456
2457,4621
2458,4614,1180,635
2459,2459
2460,4622
2461,2461,4627,4713
2462,2467
666,2447
2463,2464
2464,2464
2465,4623
2466,666
666,2240
1284,2467
2468
342,2469
2470,2471
2466,2472,4625
2466,2473
2474,443
2475,2446,2475
2476,2476
2477,4628
1804,2478
1628,1628
2466,2478
2479,2480,2480
2481,4623
2482,2454
2464,2464
2483,2483
2484,635,2464
2466,1725
633,635,2464,633,2464
2200,4633
2471,2479
2485,4614
2486,2487,4761,4867
2488
2489,4621
2490
1070,1062
2491,2491
1070,666
2492,2492
2459,2459
666,2493
57,885
2380,2494
2443,2428
67,67
2495,2495
2496,4640,4641,2466
310,2497
2466,633
2498,4636
169,1759
2499,1380
2500
2464,2464
1725,4619
2501,2502,4636
1977,4644
2503,4645
2504,162,4649
2505,2506
2428,1189
2507,2520
2508,4619,2508,2520
106,2509
2510,2510
2511,2512
2513,1804
2514,2520
2515,2515
2516,2505
2517,2518
2519,2519
2520,2521,2605
2522,2696
1753,169
1696,4652
2523,2520
57,2524,4652
2525
2526,2520
2527,2527,4663,4685
2528
2529,2530
750,2236
2531
2532,2533
2534,2535
2536,2529,2511,4657
2537
2538,2538
2539,2539
2540,2506,2245
2541,2541
2542
2543,2122,1531
43,1850
2544,2534
2545
2546,2546
2547
2548,57
750,2549
2251
2550,4659
2551,2605
31
2506
2552,4658
1512,2122
2553,1891
2554,2554
1932,2506
2555,4662
2556,2579,635
2557,310,4711
2558,2558
2559,2466
2560,310
2561,4661,2466
2562,1066
2563,2563
2564,2565,4662,2565
106,1835,1835,2190
2566,2567,4664
2568,2569
2467,4731
2570,2736
2530,2466
2571,2578
2572,4662,4841
2573,71,1228
2574,2574
2575,2576
2577,2577
2578,2578
2579,327
2580,2580
2581,2578,58
2582,750
2583,4728
71,4600
2584
2585
2579,2494
2586
2587,4662
2588,1066,4668,177
2589
2590,2590,4669
2591,71
2592
2466,2245
2593,4787
2594,1066
2538
2595,4662,1891
2596,58,43
2597,58
2598,2598
860,2598
2599,248
2600
2601
2464,2464,2598
2602,4910
2603
1500
2604,4903
2583,4670
2605,2606
1232,2607
2608,2578
2609,3765
2464,2464
2610,1066
2611,929
2489,2363
2538,2630
2612,3765
1228,2613,2610
2614,929
2615,4673
2616,2616
2617,58
2618,2756
2619,4999
2620,71
310,2621
2622,4871
929,2623
2411,4985
1725,1725
1594,344,1891,1380
929,2624,4674
2625,1107
2626,58,3483,1955
2627,4675
2628,2376
2401,58
2629,4662,1804
2630,2630
2631,2579,2467
2579,2632,2401
2633
2634
2610,2401
57,2445
2635,58,4702
633
2636
2637,2637
2637,26
57,2638,2638
2639
2640,2848
2641,2401
2642,4678
2643,4677,1838,4678
2644
1558,4662
2645
671,900
2467,4680
2608,2608
1986,1986
2646,2646
31
2647,2736
1120,2605,2928
2648,4682,4995
2649,2649,43
2650,2650
2651,4662
2652
2653,4662,2653
2654,4707
2464
2655,2655
57,2656
2467
2579,2657
2658
2659,1722
2660
509
2661
2662
2663,4689,1542
2664,2363
2665,2666
2445,185
2667
2668,532
2445
2669,2669,2605
2670
2671,635
2672,2464
2445,532
2673,4692
532,2674
2675,2676
2677
1413,2678,4662,4784
2679,1983
2680,2578
2681
2682,1983
2683,4739
2684,635
2685,2686
2687,2687
2688,4703
2689,2689
2690,1804
2579,2691
2692,2693,2895
2694,2443,4938
2464,2464
2692,2695
2696,2697
2695,2692
2698,2699
2700,4697
2701,2701,4698,2160
2699
2702,2694
1759
310,1129
2703,2705
2692,2704,2705
2699,2692,2699
2705,2701
2706,2707
2708,2692
2443,2692
2579,2709
2710,2736,4717
2711,2711
2706,2712,2692,2709
2692,2713
2160,2464
2714,2605
2715
2716,310
2717,2717
2718,2713,631,635,3483
2719,2719,4847,4954
2720,1804,2709
2464,2464
2720,532
2709,2726
2721,2722,2722
2723,2723
750,2724,26
2725,2736,2579
2726,2727
2728
2729,4982
750,2730
2731,2731
2268,2268,2768
2732,310,4726
2733,2734
2735
2736,2737
2738,2733
576,2739
2740,2740,2692
2741,2579
2742,2742
2741,2579
1804,2743
2744,2744
2745
2746
2747
532,2748
2742,2742
2749,2309
2750,2751
2420,2752
2753
2726,2754,1170,2928
2755,4709,847
2756,4710
2736,2464
2757,2757
2758,2758
847,2694,2928
2419,847
847,847,4831
960,2759
2742,2742
2613
1835,2726
2760,2760
2761,622
2762,4715
2497
2419
1722,2763
2764,2764
696,4788,635
969,2765
2692,2766
2767,2802
2768,2769
2769,2769
1722,2770
2491,2491
2771,2692
2772,2772
57,2773
1722,1722
2774,554,310,4720
2775,2768
2776
2777,3625,4927
2778,2778
2779,2779,12
2780,4716
900,2660
2781,1722
2782,2782
169,2472
2783,1722,26
2177,2501
57,2249
2784,576,2284,2698
2785,2190,2190
2190,4718
2786,2786
2702,750
57,2762
2787,2787
2207,4719
2788
2789,2768
2772,2772
1565,576
2772,2772
2783,4722
2790,2790
2190,4733,4890
2750,2750
2791,2772,2772,4919,4936
2792,1549,3483
2793,4725
2794
2795,4644
106,1725
2796,900
2750,2797,199
862,4809
2798,199,4870
2190,2190,2802
2799,2694
2800,57
2801,4720
2802,2190,4733
2538,2538,2538
2803,576
1955,1955,4740
2798
2804,622,622
2772,2772
2805,4783
2641,2641,206
2401,1369
2376,2806
2413,4755
2538
2592,4743,1380
2807,576
2736,58
929,2808
2809
2810,2810
2190,2190
2190,2190
2190,2190
2190,2190
2190,4736
2376,2811
2802,2190
2807
2802,2190
2812,4735
2190,2802
2802,2190
2190,2802
2802,2190
2190,2802
2813,2376,2844
57,2814
2815,1722
43,900
2816,622
2817,2817
2190
804,804
2818,43
929,2819
2820,2820,4983
2821
2822,877
2371,2371
2823,2823
2824,893
2814,4785
1722,900
2818,2848
2190
1566
2825,900
58,4771
2818,43,4738
2826
2827,2532,4734,2190
2828,2828,4952
2829,2830
2831,2831
2832
2833,900
2834,4742
2190,2190,4925
2190,2190,4745
2835,2835
2836,1010,4741
2837
2190,2190
2190,2190
67,929
2838,4769
1141,342
310,2839
2840,2630
2841,4743,26
2630,2842
2843,26
2190,2190
2079,2080
2844,2844
2845
2846,929
2177,3023,4881
929,2847
900,2848
2190,2190
2844,2845
2849,1804
2190,929
2190,929
2850
2851
607
2852,2852
877,2853
2854,2855,2488,4799,4966
2251,310
2762
2835
633,4619
2856,71,4816
2857,2264
900,2855
2858,2858,4757
2039,4748
1179,2895
2859
2860
2861
2532,2862,4827
2863,2700
1722,2864
2865
2765,4805
1357,2866
2866,2867
509,4750
2864,310
2864,310,4406,4780
423,4885,4886
2864,2864
2868
26,2869,1722
2870,4749
2871,2872
2873
2190,2874,43
2875,2190,2190
57,2876
2190,2190
2877,4736,2464
2190,2876
2878,4751
290,2412
2879
57,2880,2190
2881
2765
2068,4991
2464
2876,3268
2882,2882
2883,2883
2884
2885,3031
2882,2882
2886
2887
2888,2888
2889,635
2890,2736
2891,2891
2637,1549
2892,4125,4844
290,2893
1247,4748
2894
2833,635
2895,2896
750,2864
814,814
2897
2142,2898
2899,2899
2887,1232
2900,3230
2864,4748
2190,2190
57,2898,2928,4948
2901,635
2190,2190
2190,2190
2190
2190,2190,4868
2190,2190
2902
2903,4765
2903,2903
2904,2905
2906,2906
37,2907
2891,2891
1107,2908
2909,3737
2910,2911
2190,2190
2532,2912
2913,2701,2959,635
2914,3483
2915,2915
2916,2916
2917,2866
2871,2918,57
2919,1722,877
2190,2190
2920,2904
2573
2921,310,4773
2922,3483
2915,2871
2190,2190
2190,2190
2190,2190
2190,2190
2923,4835
2924,4759
2190,2190
2925,2925
2190,2190
2926,2910
2927
2190,2190
2190,2190
2464
2190,2190
2928,2464
2929,2929
2930,2904
2931,2967
1725
2932,2933
2190,2190
750,2888
2934
2190,2190,4819
2190,2190
2190,2190
2935,2918
2936,4928
2190,2190
2190,2190
2937,37,1107
2125,57
290,2711
2765,2765
2190,2190
2938
2939
635,2940,4773
2941,290,2941
2942,4804,4822
2943,2943
2944,2944
2190,900
2945,877
2946,2967,2414,3123
2947,2947
2948,929,1380
2949,900
2950,4779
2951,2951
2952,2750
2190,2190
2953
221,929
2954,2802
2721,1672
2190,929
2953,2967,4776
2955,2955
2956,2956
2957
2957,2958
2598,2598
2467,290
43,4777
635,2959,4781
635,2960
2448,4782
2961,2962
2963,2963
2964,2964
2965
2966,2967
2967,2968
2966,4811
1107,2969
2464,2464
2970
970,2721,3009
2971
2467,1385
2972,4834,12
2973,635,635
2974,635
2929,4843
2975,4830,4895
2190,2190
2976,635,26
2977,635,2699
2978,2988
57,2979
2909,290
635,2433
2980
2981,4790
2982,635
2983,26,4807
2984,635
2122,2985
635,1380
635,2986
1112,2721
1112,4793
635
2987,2630
1974,1974
2988,2988
2988,2988
635,2989
2125,4817
2990,4797
2991,2991
2992,1549
2968
2967,2993
2464,2994,2967
2988,1722
2995,2995,4809
2996,4801,310,2605
2997,2998
2160,2160
2999,3000
2967,3001
3002,2999
290,2999
3003,3003
774,1955
774,774,4908
2997,3004
3005,3005
3006
3007,4869
2433
3008
3009,4858
3010
3011,750
2122,3023
3012,4859
3013,4841,2699
635,2469,4808,4841
3014,290
290,2467
2251,921
3015,3015
2650,2650
3016,57
3017,750
3018,3031
3019,310
3020,4836
3021,4815
3022,3022
3023,3024
3025
635,3026
3027,290
3028,3028
3029,4814,929
3030,2967
3031,2957
2058,2058
3032,5001
3033,4818
3034
2903,4823
2532,3035
3036
3037,2967
3038,3715
3039,3043
3040,4822,1010,4829
3041,929
3042,3043
2699,2699
3043,4824
2686,3043
3044
3045
1867,2686
3046
3043,3047
2464,2464
3048,310
3049
3050,4822
1549,3051
635,1208
3052,310
3053,3053
290,3005
3054,3054,4845
2863,2863
3055
3056,4828,1150,4845
3057,1010
3058,2464,5003
3059
2063,2063
2525,2525
2871,3060
3061,3737
3062,4840,3062
3063,2967
3064,635
1594,4909
3065
3066,3070
3067,4832,4970
3068
3069,3069
3070,310
3071,1107
627,4833
1888,750
3069
3069,3069
3072,4851
3073,3070
3074,4838
3075
2464
2967,2699
3076,3077,2871,4967
3078
3079
3080
750,3081
3082
3083,3084
2122,3085
2464,3086
3087
3088,3089
2865,2865,2630
3090,3088,3023,1723
1512
3091,2967
1872,1722
3092,4862
3093,3093
3094,3737
2055
3095,750,4845,3737,43
3096
2592
3097,43,3097
3098,4846
3099
3100
3101,4850
3102,4848
2630,3097
2630,3097
3103,4848
3104,4845
3105,3105
2190,929
2190,2802
3106,4849,4864,4924
2699,4793,2699
3107,3107
3108,3108
2756,2756
3109
3110,310
3111,3112
3112,4860,4964
3112,2756,4857
3113,4853
3114,622
3115,2083
3116,576
2637,929,3401
607
3117,1380
3118,2699
58
3119,3120
3121,635
3122
3123,3124
3125,2630
3126,2699
3127,4860,4958
3128,2699
3129
3130,3130
3131,4887
3132,3148,4872
3133,4857
3134,3135,1955
2268,290
3136,750
2776,344
3137,4884
3138,666,3139,4899
3139,3140,2699
3141,3141
3142,290
3143,3144,3139
290,3145
2443,2630
3146,57
3147,3148
929,2251
3149
3148,3148
3150,3151
31,31,4923
1071,1071
3152
3153,666
3154
2242,4866
3148,3148
2190,2190
2190,2190
3155,2756
2190,2190
2190,2190
3156,3156
3157,2756
3158,3158
3023,3159
3153
3148,4866
106,2896
3160,3161,3023,4977
2190,2190
2190,2190
2190,2190
3162,3162
2190,2190
3163
3164
3165,1955
3166,4939
3167
2190,2190
2190,2190
2190,2190
3168,4888
736,4874
3169
2985
2190,2190
509
1955,3170,2756
2190,2190,106
3171,4873
2630,2068
3172,26
3173
3174,3174
2637,1107
1141,1955,67,4892
3175,4878,4879
3176,4875
2190,2190
2190,2190
2190,2190
2630,3177
527,2268
2190,4745
3178
3179,4876,2967
2190,2190
3145,4626
3180,1955
3181
3182,4882
106,2190,2190
2190,4882,106
3183,3737
3184,3185
3186
3187
2190,2190
3188,622
3189,3189
3190
3191
3192,3192
2985,1138
3161,622
3193,622
3194
3195,3196
2756,2686
3197,4600
1107,3198
3199
3200
929,3201,3201
3202,1723
3203
3204,4268
3205
3206,622,4931,4942
3207
3208,4822
3209
2464,3210
2236,3211
2190,2190,57
2190
3211,750
3212
2190,2190
3213,4891
3214,1107
3215,929
3216,1107
3217
3218,1549,1107
2190
3219
3220,3220
3221
3222
3223
3224
3225,43
3226
3227,1107,3227
3228,310
3229,1107
3230,3231
3232
3233
3234,1107
3235,3235
3205
3236
57,3237,3237
3238
3239,1107
3240
3241,3230
2190,2190
2190,2190,4898
3242
3243
3244,290
3245,4902
1835,1835
3246,3195
1650
3247
3248
3249
3250
3251,1549
2242
635,3252
3252
3252,290
2190,2190
2190,2190,4957
3253,3253
3254
860
3255
3256
3257
3255,929
3127,2750
3258
2190,2190
2190,2190
2190,2190
3259
3260,1107
3242
3261
3262
2190,2190
3252
3251
3263,4998
3264
3265
3266
3267
3268,3268
3269
177
3270,3270
3271,3270,4911
3272
3273
3274,4973
3275
3276
3277
138
3278
3279
3280
3281
3282
2370,4905
3283
3284
3285
3286,3286
3287,929
3288
3289
2190,635,929
3290,3291
3292
2370,2370
2236
3293
3294
3295
929,3296
3297
635,3298,310
3299,3230
3300,750
929,3266
3301,2630,43
3302
3220
3303
3304
3305
2467,57
1248
3306
3307
3306
2459
2459,2459
3297
3308,3308
3309,3309
3298
3310,3310
929,3311,4845,26
3312
3313
3314,3315
3300,750,4986
3316,1033
3317
3318,1107
2699,2699
3319
3244
1232,3265
3320
3237
1232,2467
3321
2433,4912,4927
3322
3323
3324,3324
3265,3265
2833,1107,4992
3325
3024
2443
2251,2251,4913
3326
3204
3327,1107
3270
3205
1107,3327
3328
3329,12
145,3266
3330
3328,43
3331
3332,2401
3327,3230
3281
3333
3334
3335,4916
1107,3336
3322,43
3337,3338
2251,2251
1888,4950
3339,1107,3483,342
3340,4917,4934
3341,3341
3342,3737
3343
3344,3344
3345
3346
3347,2464
3348
509,509
3349
3350
1777
3351,1232
3352,3483
3353
3354
3355
3356
3346
3357
3358,4921
3107,106
3359,3737
2380
3358,1804,3705
3360
3361,3230
3362
2251,2251,4913,1646
3363,2
3364,3364
2891
2986,2986
1650
3365,1232
2,2699
3366
3367
3368
2467,2756
3369
3370
3371
2995,2995
3372,342,2401
3373,3373
3374
3375,750
3373
3376
3377,2750
3378
3379,2699
3380
1782
3381,3382
1650,4962
3383
3384
2765,2765
3237,3237
1380
2730,4929
3385,929
1650
3386
3386
3387,4717
3375
3388
3389
3390
3391,3391
3392
3393
3394
3395
3396,4946
3397
3398,4942
422
3399
3400,3401
3402
3403,4935,4937
3204
3404
3405,4845
3406,3406
2467,4937
2068,4845
3407,3407
3408
3409
3410
2190,2190
3411,4942
2190,2190
3412
3413
3414
509
2579,3415
43
3416,5007
342,3417
3418
3419
3420
3421
3422
3423,3423,3423
3424,4937,4997
3372
3425
1804,3426
2996
3427
3428,4941
3412
3429,3230,4953,3230
3430,2190
3431,2605
2190,2190
3432
3433
2190,2190
2756,2190
3434
2190
3077
3435,3435,2605
3436,3436
3437,1107
3438,1107
2957,3230
3439,4945
3440,3440
3441
3442
3443,3444
3444,3444
3445
3446,3446
3447,4968
3498
3448,3448
3449
3450
3451,4956,4978
3452,43,4947
3453,2605,3453
3454,2605
3455
3456
3457
162
3458
2083
3459
3460,4955
929,3461,4951
3462
3463
3464
3465
2568,3462
2190,2190
3466
3461
3460,3230
2190,2190
3467
3468
3469
3470
3471
3472
290,3473
2674
3474
3475,3476
3211,4959
3477
929,3478
3479
3480
3481
2190,4956
2464,2464
3482
3483,3484
3485
3486
730
3148,3148
1782,1782
3487,3487
3488,3488
2573
3489,3489
3490
3491
3492
3462,3462
3493,3230
3148
3494
3495
3496,3175
3497
3175,4947
2833
3498,3211
3230,3499
2083
3163,3163
3500,3500,3518
2122,4972
3501
3349
3502,3502
3471
3503
3504
3505
3506
3507
2833
3508
3509
3510,1675
213
3511
3512
3513,2605,185
3514
3515,3515
3516,93
2891
3517
3518
3519,3519
3520,969
3521
3522
929,3523
633
2464
3524
3525
3526
257,3527
3528
2083
2083
3529
3530
3531
3532,3230
3531
3533
3534
3148,3148
3148
2083
3346
3535,3175
2190,2190
3536
3537,257
2251,2709
3538,2464
57,3539
3540
3541
3542
1872
3543,622
3544,4971
3545
2592
3237
3546
3547,3498
1062,3548
2083,4989,2083
2083,2083
2083,2083
2083
3549,3549
3550
3551,2605
2083
3175
3552
2083
3553
767
3554
2464,2464
3555
3556
3557
3558
3559
3560
3561
3562
3563
1112
2605,3564
1835,1835
3565,3565
750,3566
2709,2709
2083,2486
2083
2083,2083
3567
3568
3569
2083
3570,4971
2605,3571
1549,3572,635
3444,3444
3573
2650,2650,1549
3180
3574
3575,3230
3133
2083
3576
3577,3577
3578
3579
3580
3500
3581
43,3588
3582,4988
3583
3584,3585
3586
3587,4976
3588
3589
3590
3591
3592
3593,3593,2464
3594
3595
3596
3597,3597
3598
3599
3600
3601
3602
3426,3426
3603
2190
2190,2190,4981
2464
3604
3605
3606
3607
3608
3609
3610
3611,3500
3612
3613,2605
2251,4975
3614
3615
3616,576
3617
3172,12
3618
3619
3559
3620
942
3621,4980
3622
3623
3624,290
3625
3626
3627
3628,3290
3629
3630
3631
3632,3585
3632,3585
3633
2205,4987
3634
1835
3635
3636
2083
3562,3562
3637,290
3632,3585
3638,4979
3639,290
3640,3640
3632,3585
2966
3641
2190,2190
3642
3534,2205
3643,3230
3644
3645
3626,750
3646
3626
3647,3647
3647
3274,3274
3648,3648
3649
3650
3651,3651,4984
3652
3653,3655
3654
3655,3656,1723
3657
3658
3659
3660
3661,622,3230
3662,3662
3663
2605
3664
3665,3665
3666
3667
3668
3669
3175
2833
3670
3671
3672
3673
2833
3674,3674
3632,3585
3675
2251
3676,3676
3677
3678
3679
3680,2205
3632,3585
2251
2707
3681,4750
3682
3683,3684
3685
2699
3230,3686
3687
509,509
2190,2190
2190,2190
2190,2190
3688
3689,4992
696
3690
3691
3692,4992
3693
43,3694
3695
3696
3697,2190
3659,2205
2205,3698
3699,4992
3700,2630
2251
3436
3701
2205,3656
1996
2083
3702
3703
3704,4992
3148,4929
3659
2650
3705,3705
3706
3707,3707
3708,3708
3709
3710
3711,2205
3711
2268
3712
3713
1010
3415,3415
3714,3714,3415
3715,2630
3714
3716
3717
3718
3153
3719
3720
3652
3721,342
3722
3723
3535,342
3724
3725
3726,3726
3727,3230
3728
2863
3729
3730,3730
3731
2977,3725
3655,3732
3148
3733
3734
3735
3736
3737,3738
3739
3740
3741
3742
3743,5006,43
3744
3745
2190,2190
2190,2190
3746,3290
2190,2190
2190,2190,1549
2190
2190,2190,5008
2190,2190
290,3746
2973
3747
3748
3749
3408
2190,2190
2190,2190
2190
3750
3426
3751
3752
3753
2464,3290
3290,3290
3754
3755
3756
3757
3758
3759,5009
3760
3096
3761
3762
3763
3715,3715
3764
3742
