0,1,15,18,3315,65,1637,4258,4276
2,12,65,71,1737
3,4,8,12,3292,2328,1637,4338,4366
5,4
6,7,4,12,3868
8,9,862
10,4,3354,196
4,18,2328,3292,3295,38
11,8,79
12,4
4,13,11,55
10,14,3275,3359,3367
15,15,18,3437,4091,2230,4385,4392
16,17
18,19,3682
18,14
20,26,38
20,3276
20,19,3279,3280,3281,3282,3283,3284,3301,3400,3457,3460,3665,3832
8,21,3900
14,22,3327
23,18,38,80,1043,4272,2056
8,24
25,4
18,26,3277
27,27
28,9,3278,18,3287,3293,3296,757,3326,3355,38
29,319,3289,3454
30,3297,3303,746
31,13,3291,3302,3308,3316
1,32,349,414
33,3286
34,3278,18,117,3377,3645
18,35,3285,3288,3300,3306
18,35,3312,3761
36,18,2775
37,3299,79,55,3441
38,39
40,41,3369
13,42,112,112
43,3305,52,3342
44,59
41,3282,3290,3294,3313,3318,3324,3328,3343,3665,3667,3691,3827,3886,3908
45,3291,55,83
46,47,38,1995,4353
48,49,3307,3314,3645
50,51,3298,3304,3333,139,3801,3802,738,4019
52,79,59
53,54,3309,3291,3337
55,56
57,38,3435
58,79
59,3310,3311,3320,3335,3338
60,79,3300,3314,91
61,12
62,55,3322,1814
16,63,3317,3331
55,64
65,66,244
67,3314,425,71,3322,65,3968,4044
68,119,3321
69,70,425,11,3354
71,91
72,85
71,3319,85,2775,38
73,425,3322
74,85,139,3347,3349,3421,663,38
65,75,3323,3325,85,3332
76,85,83,65,3423
65,77,3329
65,3330,2775,71,3337
65,78
79,80
79,77,3337
11,81,112,3341
71,85,3351,105
82,83,3417
83,84
85,86
87,3334,3336,3341,3373,131,38,3860
18,88,2328,3337,91,3314,3348
89,55,3348,3353,3405
90,3340,112,3341,3364
91,19,8,3339,3356,3358,834,4180,4409
92,93,65
94,3341,139,79,91,757
95,3344,3345,2775,3346,3352,3342,317,3631,3645,3654,3656,3672,3678,3685,3688,3696,3645,3700,3720,3725,3739,3749,2587,3667,3764,3778,3815,3818
65,96,76,12,238,91
97,11
98,3350,3291,139
13,16,3391,3392,3393,3395,112,3401
13,112,112,139,91,746,139
89,3357,65
99,112
100,91,3331,83,38
65,101
65,102
103,85
104,246,3361
105,86,6
106,112,3360,3607,3616,3617,3621,3626,3630,3657,3697,3738
107,27,3723,3728,3645,3746,3753,3755,3765
107,108,85,3362,196,117,349
65,86,85
85,109,83,91
110,86,83
65,111,3331,83,3363
112,112,3362,4247,4301
108,113,71,3365,38
18,114,3369,3369
115,3291
83,114,65
65,114
116,3366,83,139,8,3733
117,118,196,3405
119,117
65,118
120,8,3862
121,122,39,117,3368,3730,3737,3741,3745
123,117,3367
124,59,89,3416,3627,3634,3640,3648
125,38
126,71,3370,65
16,84
127,117,18,1041
65,128,3376
129,65,3371,3372,3471
65,130,2328,196
131,8,16,65
132,196
133,8
65,134,3360,18,3420
135,8,105
16,136
137,18,117,3374
138,83
139,3375,3396,3397,3784,3786,3791,3793
140,16,3378,3402
141,3429,3506
142,112,65,1108
143,38
112,144,1199
142,112,105,38
30,105,349
8,13,105,139,3381,3382,3424,3733,3424,4089
145,18
65,112,3379,3380,3383,3384,3385,3386,3387,3388,3389,3380,12,112,112,3403,3431
146,139
8,147,112
148,3291,194,38
149,212,12
150,65
151,212,338
3390,3394,8,3398
152,12,117
153
154,3405
155,9,3404
65,156,3399,112,112,89
65,212,3735
157,212,3291
65,158
12,212
159
8,160,139,349,1905
1735
83,161
162,196
163,38
164,165
18,166
105,167
168,105,115,169
169,170,117
18,147
171,3405
172,18,169
173,349
38,9,3944
174,9,164
65,175,191
174,38,317
176,3407,38
177,3406
117,178
105,179
180,169,38
174,89,89,3441,3441,3645,3760,3764,3769
181,83
182,105
183,83
184,65
185,3411,3965
105,186,117
187,105,349,38,2643
188,169
189,633,3410,3412,3322,4106
190,3408,3409,3380,3411,3413,3415,421,3917,3926,3927,3928,3929,4417
191,190,169,117
156,3600,3998
65,192
193,38
38,194
117,195,3981
18,9,117,505
196,197,169
198,485
199,3414
112,115,112
200,117
201,117,1184
202,169,196
203,191
203,117,1571
204,117
169,205,191
205,169,196
206,169
207,212,3418
208,117,3418
209,117,4214
210,3419,212
211,212
212,213
212,213,2304
214,38,3846,4072
148,3418,105
191,1293
215,191,3422
216,3422,235
217
118,194
218,219,115,3426,3427,3428
220,83
221,212,196
222,117,117
157,117,235,3889
65,223
224,38
225,117,3430
226,229
65,227,38
228,117
229,230,3425
231,118,196
232,38
65,233,38
65,233
233
234,235
235,233
236,235
237,235
238,191,105
65,115,235,174
239,83
240,235,38
241,65
38,242,235,212
38,223
243,38,235
83,242,235
244,242,38
38,242,244
244,242,38
245,38
246,235,38
245,38,244,889
223,235
38,242
247,38
244,248,38,235
244,242
38,249
250,38,3469,1571
251,38
252,252,244,338
235,253,83
254,38,3433
255,38
256
257,38
258,38
38,259
260,38
38,242
261,235,3432
38,262
1,38,3747,4098,1660,4325,4381,4434,4442,3178,4446
263
105,264,3988,4351
38,265
266,38
267,38,277
105,268
269,378
270,235,38
271,38
65,272,1184
273,235
274,65
275,38
276,235
38,242
277,242
38,272,3434
38,242,235
235,223,1043
278,1735,349
279,38
280,38
281,38
38,38
282,38
283,38,3466,3960
38,284,105
245,38,235
38,38
285,3458
286,38
287,235,38
288,289
38,242
290,235
291,38
41,38,38
292,38
293,38
294,38
295,38
296,38
38,297
38,296
235,298
299
300,38
301,38,3437
12,235
38,302
38,303
304,327
38,303
305,3436,3437,1293
306
307,38,235
308,3438,3439,3440,3442,3443,3446,3447,3451,3452,3467,3519,3992,3993
308,3439,3449,3451,3453
308,3445,3448,3451,3451
309,38
38,310,317
38,310,317
310,235,38
311,38
312,38,229
313,105,313,317,3652,3652,3681
313,1
314,38
315,235
316,38,3444,3626
317
318,235,320
319,320,38,3450,3456,3461,210,3533,3733,4068,4349
320,3459,3465,738,3601,3604,3620,3635,3635,3635,3636,3638,3641,3644,3660,3662,3662,3669,3670
38,242
321,38
174,3455,3631,3632,3661,3663,3667,3670,3675,3733,3752,3754
322,38,378
323,324,38
38
325,38
38,326
327,38
328,38,3462
329,38
38,330
331,38
332
333
38,334
335,320,38
336,320
337,1,3713
65,335,320,38,3463,3464
338,339
320,338
340,38
341,3645,4245,4253
342,38
320,3599,3606,3605,3642,3647
343,115,112,38
343,105,3627,3643,3695
129,38
344,38
345,3468,40,3470,3472,3473,3548,3551
346,235,402
269,38,3466
347,38
348,3580,451,1061
349,339,105
350,174,38
351,38
352,38
353,38
38,354,105
355,38
174,356,38
357,105
358,38
359,38,235
360,38,83,1199
361,38
362,83,38
363,378
364,38
365,38,112
361,112,3405
38,242
366,366
367,38
368,38,112,889
174,38,3814
369,112,38,4071,3129
38,370
371,38
372,38
373
38,374
105,375
112,376
377,38
174,38,4103
378
378,379
105,380,38,3474
381,38,235
83,382
383,38,3771
384
385,38
386,38
105,387,3658,3668,3673,3691,3694,3829,3568
388
389,38,235
390,38,174
391,38
392,38
235,393
345,3475,3476,3475,3477,3478,3479,3480,3481,3482,3483,3484,3485,3486,3487,3488,3489,3490,3491,3492,3493,3494,3495,3496,3497,3498,3499,3500,3501,3502,3503,3503,3504,3505,3507,3508,3509,3510,3511,3512,3513,3514,3515,3516,3517,3518,3520,3521,3521,3521,3521,3522,3523,3524,3525,3526,3527,3528,3530,3531,3532,3533,3534,3535,3535,3536,3537,3538,3540,3541,3543,3544,3545,3545,3545,3546,3547,3549,3550,3552,3553,3554,3555,3557,3558,3559,3560,3561,3568,3568,3568,3568,3568,3577,3578,3578,3568,3579,3581,3583,3568,3568,3568,3584,3686,3568,3908,4019,4083,4128,4134,4136
174,38,3529,3539,38,3542,3556
394,38,83
395,38
38,396,83
38,396
174,397
317,38,3724,3871
338,449,38,4217
398,38
399,38
400,112
38,401
402,160,105,38
403,38
174,105,746
396,38
404,378
405,406,112
407,112,38
408,38
174,38,3575,3598,3619,3628,3661,3666,3683,3693,3613
409,3756,3759
410,3597,3615,3627,3687
410,3576,3597,3610,3424,3058,3615,3624,3625,3639,3646,3651,3655,3671,3676,3680,3684,3702,3700,3706,3710,3711,3714,3715,3768
411,38,3833
38,412
308,3562,3563,3564,3565,3569,3570,3572,3574,3722,3727,3722,3722,3722,3732,3704,3748,3756,3951
308,3563,3565,3565,3571,3573,3664,3704
308,3563,3566,3567,3565,3570,3629,3664,3712,3752,3756,3801
413,38
414,38
415,38
416,38,456
375
417,38
418,3582
419,38
420,38
38
169,421
317,38
422,38,338
423,174,38
424,38
38,425
426,38,3588
174,223,112,3585,3586,3618,3622,451,3743,3757,3772
427,174
428,38
429,174
174,3595,3604,3605,3608,3608,3623
174,3596,3602,3603,456,3770
430,174,38
431,3633,3695,3703,4000
432,38
174,38,3645,3649,3650
174,38,3591,3592,3694,3699,3700
174,3587,3589,3590,319,3593,3594,3587,3609,3611,3612,3613,3324,3634,3637,3637,3674,3679,3689,3690,3698,3705,3717,3782,3790
433,38,1199,2643
434,435,3614,38,3682
436,3614,3682
437,3653,3677,3645,3707,3859
438,439
440,438,3645,3659,3694,3700,3716
441,3645,3692,3701
442,38,1199
443,444,38,3708,3709,3712,3718,3719,3721,3726,3645,3729,3731,3736,3613,3742,3744,3908
445,3716,443,3645
446,3733,3758,456
447,3734,3645,3716
448,3716,3740
449,450,2775
38,451
452,3750,3645,3751,2587,3762,3763
453,38,71,1184
454,1399,223,3972
455,3754,3615,4001
327,3754,38
456,174,3766,3773,3613
174,3767,3763,3774,3613
174,3775,3776,3777,3733,3568
174,3763,3781,3787,456
451,457
458,3779,3780
459,3735,3424
174,3781,3645,3792,3795
174,378
460,38,3763
461,378,4441
174,3783,3780,3785,3643,3450
38,462
174,3788,3789,3781
327,598,3645,3645
174,598,3794,3796,3645,3798,3568,223
174,2587,3731,3803,3804
463,38
463,38
464,3797,3645,3731,3799
465,38
466,112
456,467
468,38
469,3800,538
470,38
308,3446,3812,4281
471,378,3805
456,472,443,3763,3819
38,473
474,378,3568
174,378,3810,3901,3915,3916
174,1352,3733,3826,3937,3938,4121,4122
475,38,485,3568,3821
456,3806,38
476,3781,3807,3808,3830
477,477,3643,3811,3813,3910
478,38
174,3809,3822
479,38,174
174,3810,3810,3568,3568
174,485
480
481,38,456,4099
174,602
174,3733,3825
482,3816,174,174,3817,3568,3820,3887,3888,738,4066,3605
483,174,3733
484
485,379
38,486
486,486
487,379
488,38
38,489
490,491,3776,3674,3733,3568,3568,3568,3908,3908
174,3823,3824,3837,3921
447,3801,3922
174,3831,3733,3733,3841,3908
174,3828,3836,3855,3861,3863,3873,4249
174,38,3763,3834,3836,3839,3840
477,3763,490,3874,3883,3885,4387
174,3938
492,38
174,3835,3838,3874
493,38
174,3836,3866,3733,3872,3884,3890,3908,4020
174,3861
494,174
495,38
38,496
174,3843,3844,3831,3568,3568,3878,3896
174,3842,3845,3904,3908
497,3841,3873,3881,4295
498,38
499,3763,3847,3855
38,500
174,501,3908
502,38
174,3848,3852
174,3850,3852,3854,4038,4039,4056
174,3849,3851,3853,3858,503,3963
174,499,38
503,71,38
38,504,349
38,504
174,3856,3857,3733,3877,3877,3879,3880
505,38,505
506,508
38,507
508,238
238,497,3867
38,509
174,510
511,38
506,38
238,3865,3733,3801,3921
512,38
513,238
514,38,169
41,38
515,38
516,3864,3551,3551,3551,3551,3551,3551,3551,3551,3551,3551,3551,3551
38,517
518,38,38,3869,3870
519,38
38,520
456,521,38
522,38
523,38,774
524,112,38,1110
38,525
174,3875,3876,526,3877,3877,3908,3911,3924,3932,3933,3934,738
456,526,38
174,3763,3895,3908
38,527
528,38,3882
38,527,174
524,112
38,529
530,12,4182,191,1834
524,38,456
531,3902
532,38
533,38
38,534
535,3891,3892,3893,3763,3895,3935,606,606,3996
38,536
537,38
538,3894
486,38
539
540,12
541,2629,2578
541,112
541,3582,38,456,4141,1040
542,38,3733
543,3953,487,1054
544,38
545,3897,3898,3899
537,38
546,38
547,38
548,38
549,38
38,550
551,174
550,38
552,38
174,3903,3918,3733
174,3763,3877
553,38,3415,3967
554,38
471,3905,503,3906,3907,3763,3909,3913,3914,3939
555,3912,3908,3921
486,486
556,557,38,4123
558,174,558
559,38
174,3763,3919,3920,3923
560,38
561,38
562,3925,4118
563,38
564,38
565,38
566,174
567,3930
38,568
338,38
521,3930,38
569,38
570,3763,622,622,738,4212
571,38,3998,2371
38,572
573,12,4263
574,38
575,38
576,3931,3936
577,38
578,38
579,746
580,38
38,581
582,38
38,1
190,38,3952
583,38,402
584,38,3831,3763,3940,465,1023,4271
585
38,242
174,3943,3946
586,38
38,587
174,3974
588,38,3941,3942,3942,3945,3995
38,589
590
591,38
38,592,4045,774
593,38
366,38
594,38,3986
38,366
595,38
596,3733,4057
597
597,38,4215
581,3763,38
598,3947
38,599
600,38
38,599
597,38,1081,1239
601,3948,3949,3733,89
3998
38,223
602
174,189,3950
603,3973,4100,746
604,3763
537,38
605,606,3733,38
607,1023
465,619,465
174,3954
366,38,1007
537,38
608,1199
223,3955
609,223,38
610,223
537
366,3733,38
38,174
611,38
174,3956,3763,4027,4037,4056
612,994
366,4098
612,38,746
613,38
614,38
174,38,3957
615,696
174,3958
616,38
38,617,3959
618,3763
366,38
174,38,3763
174,619,620
620,38
537,513,4213
174,490,4319,3834
621,622,3961,3962,622,621,621,3964,3964,3964,621,621,621,3964,621,621,621,3964,621,621,3966,3969,3970,3970,621,621,621,3964,3962,3962,3962,3962,3962,3971,3971,3964,3962,3964,621,3964,3964,3964,621,3964,3964
623,174
38
38,624
625,622,38,349,4155,1095
626,38
627,721,1293
338,38
628,38
629,3314,38
38,338
38,338
38,223
38,630,3964
631,632,621,621,632,3975,672,3976,3917,3991,4008,4129,4230,4231,3918
633,174
633,3964,38
634,38,3962
635,621
174,3974,3974
338,38
636,174
621,3997,994,880,996
637,3995
638,38
174,3978,3982,3987,4033
639,38
639,38,2735,862
639,38
640,38,3998,1054
38,640
641
642,38
174,3979,3980,317
643,38,1054
644,3977
640,38
174,3994,4048
38,338
338,38
645,3964
38,646
647
174,3983,3984,3987,38,3987,487
648,38,3985
537,38
649,38
38,650,4099,1110
651,38
174,2587,3987,490
169,652,38
653,3763,38
654,38
655,38
656
38,465
174,3987
657,3989,3990
658
659,3995
317
174,4001
660,38,174
38,661
662,38,4096
663,38,3987
597,38
664,38
317,38,4347
665
662,513
174,1319,4021,4022
666,38
38,223
174,3999
667
174,4001,3987,4004
668,4178
669,38
670,38
671,3987,4002,4005,490,4146
672,4001,4043
673,696
674
675,319,3987,4003,4006
676
537,38
38,223
677,38
38,38
678,38
679,38
547,38
174,4001
38,680
681,696
682,696
683,4288
684,38
685,38
686,38
687,38,950,1854,4298,4304,4355,4399
625,696
688,38
689,38,696,862
690,38
38,691,1108
692,38
689,38,696
693,38
689,696
689,38
694,822
695
696,697,38
698,4007,4238
699,696
700,38
38,701
702,4005
703,174
646,38
704,705,4005,38,4009,4014,704
706,38
707,38
708,38
709,4048
687,696,996
710,4005
253,253,3633,4043,4151
711,4010,38
712,38
713,625
714,65
715,38
38,716
717,65,721,513,1007
718,65
719,3405
174,4011,4013,3763,4016,4017,4024
720,38
721
722,721,38,4012
723,38
724,38
725,38,4015
625,38
726,38
174,4018
625,696
65,727
174,3987,4193,1495
728,3987,4019
729,38
38,730
731,212
732,212,38
174,119
733,38
696,734
735,38
736,38
737,38,830
738,738,4026,3117
739,1023
38,740
741,38
742,3551,4025
38,743
744,38
745,38
746,747
748,55
749,38,4023,174
174,3877
38,38
750
174,119,4055,4056
751,38
752,38
753,4028,4029,4030,4031,4032,4034,4035,4036,4040
696,754
755,4046,4067
752,746
752,38,4101
393,743,774
756,393,696,513
757,757
758,696
759,38,4401
760,696
761,38
756,696
762,774
38,763
752,4041,4042,38
764,755
765,765,765,4051,4133
766
765,765,4048,4049,4049
767,4048,402
768,3763
769,696
765,765,4048,4230
770,402
765,765,4048,4230
771,696
772,1418,4048,4053,4054,3877,4062,487
743,774,1184
773,696
765,765
774
775,696
38,4137
776,38
696
696,740
777,174
774,696
317,4047,4048,4051
778,871
779,774
696,780
780,696,1199
781,696
782,746
783,746
784,696,4076
785,696
786,696
787,774
788,994,491,1054,1184
789,696
38,790,774
791,774,1110,4237
792,696,774
4047,4048,4142
793,1110
794,4050,4132
223,795
795,4052,4365,2643
796,169
797,38
38
798,38
38,799
800,402
800
801
802,803,38
38,804
38,804
805,4058,4059,4061,4061,4063,4064,4065
38,213
806,4060,802
807,38
808,38
809,889
810,38
811,38,880
812,402
813
38,814,2802
815
816,38
245
817
366,4069,38,3176
818
38,819
820,3763
821,38
822,4075
823,4070
824,822
366,513
825,2371
826,865
827
828,38
752,4071,4094
829,513
830
831,4071
832,4071,4073,1041
809,4073
833,4084
834,835,38
836,4074
837,1110,1041
838,2476,1737
839
840,38
841,38
842,4077,1870,4290
843,4080,1576
844,1576
845,456
846,893
38,847
848,4078,4079,4081
762,4082,1007,1934,1041,1323,4374,4391
849
850
851,38,169
852,38,4131
853,1023
38,804
854,4098,994,4250,2174,4330,2643
855
856,38
38,857
38,858
859,38
860,4085
861,4085
862,863
838,871,875,1054
465,38
864,38
865
866,746,4086
867,867,38,746,4087,89,89,4092
868,38
869,746,38
870,2476
871,872
873,746,513
465,38
465,513,834
874,858,38
875,858
465
876,871,38,874
877,871
878,871
879,871
874,858
880,858
881,874
882,871,38
625,38
874,858
625,4088,874,1007,513
625,874
625
883,38,1495
884,874
113
38,885,491
886,38
887,4090
888,38,491,1571,3314
889,746,38
890
891,491,4093
491,746,897
892,746
893,38,746
894,746,38
746,872
895,38
896,38,4145
897,4095,38,4077
893,898
893,746
746,899
900,746,38
38,746
901,746,4077
902
858,746
858,1081
903,38
904,4097,513,4380
905,4098
905,4098
906,38,4304
907,746
908,746,991
909,4098
910,491
910,4098,169
911,1116
912,746,994
913,65
746,914,38
915,915
916,746,491,38,1041
38,914
746,917
746
491,918,4293
919,38
920
491
38
2979
921,871,923
922
923
924,38,1007
925,746
926,38
927,994,2230,38
894,38
874,928,491
929,889
930,4102,38,994
38
931,1005
38
932,933,4104,4105,4108,4117
934,38,862
935,4107,4109,4110,4111,4112,4113,4114,4115,4116,4119,4120,4124,4125
936
38
937,1023,4185
938,746
939,4130
940,38
38
746,941,38
38,942
941,491,169
943,746
858,38
38,740,491
944,38
945,491
946,491
38
947,4126,38
38,1007,1007,513
948,38
949,65
950,4127,4138,4143,4219,3218
338,38,1081
951,38
338,38,1081,65
338,83
952,4130
953
954,65
955,746,991
956,38
38,957
958,38,169
38,959
960,38
961,38,2735
746,962
465,38,1007
963,38
858,65,1054
964,858
965,871,994,4077
966,8
967,964,2735,38
968,871
969,871,862,994
970,991,513
971,746,38
38,858,991
972,4135,1007,994
858,991
973,746
871,974,991,994
975
976,38
977,991
978,38
979,38,503,994
38,979,1081
980,38,994,4147
981,38
982
983,38,1004,1682
984,38,503
871,985,503
662,38
986,3967,38
987,1007,994
988,38
989,38
990,996,38
991,814,1081
992,994,1116
993,38
994,4139,1004,1007,4304
995,996
997,38
998,991
999,871,38,994,1081
1000,38
991,974
1001,38,1081
1002,4144,491
1002
1003
1004,1005
1006
1007,1006,38,994
248,994
38,996,991,994
991
1008,858,38
746,858
1009,38
1010,871,994
1011,491,994,1007
1012,491,1081,4149,4289,38
1012,491,513,994
1013,994
1013
1014,1416
1015,38
996,434
1016,1095,1293
38,1017,994
1018,1293,4306
1019,871,1007
349,996,38
994,996
1009
1020,871
1021,38
38,996,746,746
1022,994,38,169
994,1023
1024,38,4077
1025,871,38,994
38,1026
1027,4140,38,1007
858,38
1028,38
1029,38,4237
38
1030,38
1031
1032,38
1033,38,513
1034,4140,38
858,1035,38
858,38,1081
1036,38,1110
38,1037
1004,1038,1054,1116
1009
1039
38,1040,4174
1041,950,994,513
1042,1081,513
1043,38,513,1081
858,38,1007,994
1044,950,994,4144
1045,1041
1042,994,38
1046
1047,871,1023
1048,871,994,1041
1049,38
1050,1352,169
1051,1352
1052
1053,38,1095,513
1054,1055
1027,38,1052,1081
1056,1054
1056,871,4077
1057,871
38,1058,169
1059
1060
1061
1062,38
1062,38,1081
1062,1007
513,1063,1081
1064,513
1065,871
1066,871
1067
1068
169,1069
1070
1071,871
1072,1081
1073
1074,4140,1293,4237,38
1023,1075,169
1076,513,1293
1077,513,1110
1078,169
1079,169,1110
1080,871
1081,1043,871
1082,169
1083,889,1041,2643
1084,513,1007
1085,169
889,1086,889,4191
1087,871
1088,169
1089
871,1086
1086
871,1086,2643
1090,169
1091
1092
1093,244
1086
1094,1095
1095,1096,229
513,1097
1098,1023
169,1097,513
1099,169,4186,2775
1100,1095,1925
1092,1095
1101
1095,1102,4291
1023,1103,4144,2008
1104
1105,513
1086,513
1106,169,880,513
175,871
1107,513,1814
513,1097
1108,858
1109
1110,1111,1116
871,38
1112,4148
1113,4148,4149
1114,4148
639,4149,1116
1115,4149
1116,1117
1118
1119,1023
1100,1023
1120,513
871,1121
871,465
1122,513
1123,491
513,1124,880
565,880,513
447,803
1125,447,513
1023,4150,4181,1495,4203,4230
1126,513,880
1127,513
1128
1023,1448,2785
871,1043
1129,491,1041
513,248,2705
1130
513,1131,880
465,871,880
1132,1023,1219
880,1043,513
1133,513
1134,513,1041
465,513
513,1103,880
1905,1138
1135,1116
465,169,513,1023,4152
1136,1023
513,1137
880,1043,1448,513
1138,1139,4152,169,880,513
1140,513
1141,39,513
1142,513
513,4153
1143,513,4237
1144,513
1145,513,850
1146
1147,513
1148,513
1149,513,1293
513,1139
513,1139
513,1139
1150,513
513,1139
1151,513
1152,513,4154
1153,513,4205
1154,513,1110
1155
1156,1023
1157,491
513,1158
1009
1159,513
513,1160
1161,1023,834
1162,1925
1163,513
1164,1184,1007
1165
1166,513
871,1167
1168
513,1139
513,1139
1169
1170,513
1171,1184,4204
1172,513
1173,513,1095
1174,1175,1175,4156,4158,4159,4160,513,4161,4162,4163,4164,4165,4167,4168,4169,38
1176,4157,4166,4173,4177,3827
1177,1095,513
1178,1095,513
1179,1023
1043,1116,834,4209
1180,4175,1682
776
1181,513,1184
1182,513,4170,4170,4171,4172
1183,513
1184,1043,513
1185,1185,513
1184,858
1186,1184,1495
1187,513
1188,490,4100
1189
1190
1191,4176,1495
606,606
1192,871,1199
1193,1023
1194,513,1293
871
1195,513
1196,1110
1197,513,1110
1198,871
1199,513
1200,1199
1199,491
1201,513
1202,1110,3985
1110,1199
1203
1204,1043,1110,4427
1205
1206,1110
1207,1110,513
1208,1110,503
1209,1043,1110
1210,1110,38
1211
1212,1110
1213,1110,1710
1214,513,1293
513,1215,1215
1216,1110,513
1217,513,1138
513,1043,1110
1218,1110,1041
1219,1043,4184
1117,4148,1110,834
1199,2104
995,1682
1220
1221,1116
1222,1219
1223
740,1219
513,1224
513,1199
1225,513
1226,513,1199
1227,513,1637,4453
1228,491
1219,1229
491
1100,1110,38
1230,1110,1219
1095
1110,1231
1232,513
1233
1234
513,1235
1236,513
513,1035,1221
883,491,1682
1237,513,1571
1199,513
1238,691
1239,1095
1240,513,4225
1241,1095,1571
1242,1095,1293
1243,1219,4227
1244,513
1245
1100,513
1246,513,378
1247,2008
1248,513,1041
1249
1250
1251,1095
871,1252
1253,513
1254,834
1255,513
513,1256
1250,4179,490,2312,4361
1257
1258,513
1259,1184
1260,834
1261,4179
1262
1263,834
1264,491,834
1265,834,1116
834,1266
834,1043
1267,1043,1116
1268
1269,456
1270
1270,1293,402
834,1271
834
1272
1273
834,1230
834,762
1274,834,1682,1267
1275,1110,4189
834,1276
1277,513,2086,4318,1995
834,1278
1279,513,834,2775
1280,513
1281
1282,513,4278,1041
584
1137
513,1137
1283
513,1284
1285,834
1286
1287,513
1197,1184
1288
1289
1290
1291,883,850
513,1292
1293,1294
1295
834,1296
1297,513,1889,1041
1298,834
1299,834,4282,1041
513,1300
1301
513,1299
1302,513,1682
1303,834
1304,513
1305,513,38,2843
1306,513
1239,834
1307,4183
1308,834,1637
1309,513
1310
1311
1312,513
1313
1314,1448
513,1291
1315,2371
1315,513,12
1316
1317,1571,1682,1814
1318,1319
1320,1832
1291
1321,1199
1322,1323
871,1324
1138,1296,4296
1325,1644,1814,38
1326,1832
1327
1328,1184,4246,1995
1329
1330
1331,1385
1332,465,447,4188
1333,871
1334,1615,4377
1335,1293,4233
1336,4188
1337
1239,39
1338,38,349
1339,1293,834,4259
1340
1293,1239
1341,1571
1138,1342
1239,447,4187
871,1343,447
1344,38,2795
1293,1345
1346,465,4240,4241
1347,1832,1348
1348,1342,1832
1349
1350,1293
858,834
1351,513
513,1352
1353,4188,4190
1354,1644,4299,1041
1355
1356
1357
1239,834
1358
1359
1360,834
1361,1293,834
1362,1293
1363,1293,3918,4415
834,1364
1365,1293
1366
834,1364
40,1367
1368,1293
1369,834
1293,1293
1370,1293
1371
1372,1293
1373
871,1374
1293,1375
834,1376
1377,834
1378,1293,4270
1379,1293
1380
1381,1385
1382,1293
1293,1383
1384,1293,4280
1385,1293
1374,1293
1293,1385
1386,1293
1239,1293
1387,1293,2371
1388,1293
1389,1644,1041
1390,1293
1293,1391,4317
1392,1293
1393,1448,1571,349
1394,1644
1239,1023
1395,1293
1396,1293
1397,1416
1398,2881
1399,1293
1400,1293
1401,1571
1293,1017
1402,4144
1403,491
1404,1293
1405
996
1406
1293,1407
1293,1408
1409
1408
1410,834
1411,871,1293
834,1408
834,1408
1412,1644
1408,2153
1408,1448
834,1413
1408
1414,1293
1415,2371
1293
1416,1417,1615
1418,834,1425
1419,2371
1420,1293
1421,1293
1422,1293
1239,1293,834,2194
1423,1041,4357
1424
1239,2194
38,1425,834,1682
1239,834
1426,834
1427,834
1428,2881
1429,1905
834,1430
1431,1293
1375,1644
1432,2371
1433,1293
1434,1293
1293,1435
1436,2881,1293,1043,1495
1436,1660
1437,2881,1138,1728,1041
1438,39
1439,1439
1440,1293
1441,1293
1442,4192
1443
1444,1293
1445
1446,4207
1447,1293
1448,1449,4348
1450,1293
1451,1293
1293,1452
1453
1454,1293
1455,1293
1456
1457,1495
1456,1495,1293,2151
1361,1293
1361,1495
1458,1495
996,1293,4343
1293,1293
1459,1905,4375,38
1460,1293,4194
1448,1361
1461,1576,2775,4199
1462,1293,1184
1463,1293
1464,1293
4195,4196
1465,1448,4220
1466,1448
1293,1467
1468,1293
1469,1662
1184,434,4071
1470,1293
1471,871,4210
1472,3605,4200
1473,996
1474,2775,3605
1475,4071
1476,4197
1477,3605
1478,4071,1889,4307
1479
1480,4071,1509,4223,1834
1480,4198,4200,4216,1348
1481
1482,1482,1482,1482,1482,1293,1482,1482,1482,1482,1482
1483,1293,4395,2775
1484,4218
1485
1486,4200,1041
1487
1488
1489,996
1490,4071,4227
1491,1662,1041
1492,1448
1493,378,4201
1230,1184
1494,1644
1495,1496
1497,1184,1293
1498,1184
449,1499,4221
1492,1478
1500,513
1495,1501,1184
1502
1503
1504,513
1505,1293
1239,1495,465
1506
1507,1448,4202,4313
1508
1509,1043
1510,434
1511,1448
1512,1448
1513,513
1514,1293
1513
1515,4327,4350
1516,491
1517,1293
513,1043
1518
1519
1520
1521,1662
1522,1041
1523,513
1524
1525,4229,4239,1041
491,1526
1527,491,1138,1814
1528
491,1529
1530,1348
1531
1532
1533,1041,4268
1534
1535
1536,1537,1043
1538
1538,1544,4211,4286
1538,491
1539,1348,1184
1540,1644
1541
1513
1542,1184,349
1536,1043
1513
1543,491,1682
1544,1545
1542,1184
1521
1536,1537
1546
1547,2881,1549,1138,4321
1548,513
1549,1550,513
1551,491,4206
1552
1553,491
1554
1555,1293
1556
1557
1558,1293
1559
1560
1561
465,1571
1562,491
1563
1564
1293,1565
1566,1293
1567
1568
1569,1110
625,491,1536
1570,1572
1571,1572,1536
746,1537
1573,1571
1549,1574,4321
1138,1572
1575,1448
1576,1571
1577,1138
1578,1682,1184
1579,1448,1644
1580
1581,1448
1582,1293
1583,1293
1584,1138
1585,1509
1586,1293
1587,1293
1588,1293
1138,1293
1589,9
1590
1591,4208,1889
1592,1043,2643
1593,4071,3469
1594,1854
1595,4209,1043
1596,2194
1597
1598,1138
1599,4235,1041
1600,2602
1601,1138,4224
1138,1602
1603,4144
1604,1571
1138,1602
1605,1138,38
1606,2194,1834
1607,1293
1138,1017
1138,1017
1138,1608
1609,1138,1571
1610
1611,1138,4213
1239,1536
1612,1138
1613,2194
1239,1138
1614,2194
1615,1616
1617,2194
1615,1618,2194
1239,1615
1619,1615,4232
606,1620
465,1138
1621,2194,1834
1622,2194
1138,1623,1644
871,1624
1625,1138,1644
1626
1627,871
1628,1644
1239
1293,1629,1854
1361,449
1630,1138
1631
1632,4220
1633,1293
1634,1184
1478,1138
1635,1138
1636
1138,1637
1638,1639
1640,1138
1640,2194,38
1641,1662
1642,2194,1682
1138,1273,4362,4368
727,83
1643,2194
1644,1645,1184
1646,2194,1682
1647,2194
1648,1138
1649,2194,1682
1650,1138
1651,2194,1682
513,1652
1653,2194
1654,2194,513,4222,1043,1239
1655,1834,1267
1656,1348,38
1657,871,1348
1658
1659,2194
513,1660
1661,1571
1662,1663
1664,1662,1138
1665,1662,1682
1666,1662
1667,4226
1668,1348,1682
1669,1834
1670,1348
1671,4228
1672,4228,83
1673,1348
1674,4228
1675,2671
1676,83
1138,1675
1677,83
1678,83
1679,1682,4233
705,4234
83,1680,4233,4114
1681,83,1832
1682,1348,1138
1682,1683
1682,1684
1684,1684,2008
1685
1686,1686,4445
1687,4266,1041
434,434
1688,1682
1689,1348
1690
1691,1138,4236
1138,1682
1599
1599,40,1110,1599
434,1692,1637,4298,4304
1348,1693
1694,169
1695
1696,1682
1697,1138
1698,1348
1699,871
1007,1682,1710
1682,1700
1701,1138
1702,449
1660,1348
1138,1703
1682,4265
1704,1138
1705,4255
1706,1682
1707
1138,434,1682,3
1708,1682
1709,1138
1682,1138
1710,1342
1682,1710,4273
1711,4237,3113
1712,1138
449,1713
858,1682
1714,1682
1715
1716
1717,1682
1682,1718
1719,4241
1720,4240
1239,4242
1471,1682
1471,871
449,1721
1448,1722
1723,3,2773
1724,3
1725,3
1726,3
1727,4223,3,4086,1041
1728,3
1729,3
1730,3
1731,3,1348
1732,3
1733,1834,2230
1734,4237,1138
1735,1736
1737,1738,4371
1739,2151
1740,1870
1741,449
1742,1138
1743
1138,858
858,1889,349,40
1637,1834
1744,4223
1745,4243
1138,1746,1905
1747,1138
754,1138
1138,1748
1736,4244,1889,4306
1749
1750,449
1751,449,1682
1752,449,1682
1753,4222,4248,1995
1754,1682
1755
1756,4223
1757,4270
1758
1737,1759
1760,4311
1761,4248
1762,4248
1763,1870
1764,1138
1765,1138
1765,4248
1766,1138
1765,1138
1767,1834
1768,4251
1769,4251,1737
1770,1737
1747,1781
1771,4252,1781
1637,1834
1772,1834
1773
1774,1781,1918
1775
1776,1138
1777,871
1778,1781
1779,1780
1781,1782
1783,1870,38
1784,4254
1785,4222,4408,38
1786,4254
1787,1870
1788
1789,4257,2151
1790,1834,2490,1832
1791,4256
1043,4237,1184
1792,1747
1740,2194
1793,38
1794,4257,1781
1795,39
1796,349,2008
1797,1870
1798,449
1799,1832,1925
1800,1870
1801,1781
1802
1803
1804,1808
1805,449
1806,9
1807,1808
1808,1808
1809,1810,4260,4261,1814
1811,4270
1812,38
1813,4262
212,4262
1814,449,4300,1041,1995
1815,449,4277
1816,4311
1817,1041
1818
1819,1267
1511,4264
838,449,4282
1820
1138,1821
1819,1819,1138
1682,1822
1823,1814,1834
1809,4266,1267
1184,1822,1822,1814,4268
1824,1814,4266,4267
1825,1814
1826,1834,1323,4439
1827
1828,1834
1829,1834,1041
1830,1834
1831,1834
1828,1834
1832,1833,1834,1041,4077
1834
1835,1834
1836,1834
1837,1834,1041
1838,1834,1041
1839,1834
1840,2979
1834,1841,1041
1842,4269
1843,1834,1041,1832,1889
1844,1834
1834,1845
1846,1834
1847,1041
1848,1041
1849,1138
1850,1834,1682
1138,1851
1852,1834
1853,1834,4086
1819,1834,1138
1854,1855,1834
1856,1834,1041
1857,1138
1834,1682,1834
1858,1138
1859,1184
1860,1041,1863
1861,1861,4274,4266,490
1862,1863
1863,1138
1765,1889
1864,465,4444,38
1865,1870
1866
1867,1867
1868,1138
1869,1682,4444
1870,1871
1867,1867
1872,1138
1873,1682
1874
1867,2602
449,1875
1876,1889
1877,4275,1041
1878
1526,1682
1879,2371
1880
1881,1995
1526,1995,2230
1882,2687,38,2008
1883,1995,4428
1881,1682
1884,1889,38
1885,4270
1886,1832,1041
1886,1682
1887,1682
1888,1889
1889,1890
1891,1682
1889,4386
1892,1893
1894,1889
1895,1871,4414,38
1896,1889
1819,1889
1871
1138,857,1448
1897,4279
1897
1041,1898,4294
1897
1899,1041
1138,1900,1323,1041
1901,1682
1902
1903
1138,1904
1905,1906,38
1907,1138
1908,1889
1138,1909
1910,1889,1138
1911,1781
1912,2371
1913,4283,1041,1267
1914,449
1915,449,1905,38,4427
1916,1870
1917,1041
1918
1919,1889
1920,1138
1921,1870,1041
1267,1922
1923,2153
1900,4284
1924,1138,3053
1138,858
1793,1138
858
1925,858
1926,1925,1138
1927,1889
1138,858
4285,4303
1928,1995,4297,4324
1929,513
1930,1041
1931,2371
1932,1041
1933,1889,38
1934,1267
1935,4287,1041
1936,4286,2064
1937,1138,1889
1938,4288
1939,2151
1939,2104
1940,1041
1941,1889
1138,1942
1943,1889
1239,1889,1889
1941,1267
1041,1944
1945,1995
1946,1834
1947,1267
1138,1948,1995
1949,1995,1834,1267
1950,4292
1951,1138
1952,1138
1953,1834
1954,1889,4086,1041
1955,1834
1956,1041
1957,1041
1958,1834
1959,1889
1960,1041
1961,2008
1138,838
1448,838,1834
857,1995,1043
1962,1138
1963
1964
1957,1041
1965,1138
1966,1834
1889,1967
1968,1889
1041,857
1969,1889
838,4438
1267
1970
1971,1138,4356,4356,4373
1957
1138,1972
1973,1041
1974,1041
1975
1975
1976,1041
1977,1138
1978
1975
1979
1041,1942
1980,1041
1981
1982
1983
1984,1041
1974,1041
1985,1995,1041,4426,4427
1986
1987
1988,1138
1989,1044
1043,1138,4444
1041,1990
1645
1991
1992,1041
1993
1994
1995
1996,1138
1997
1998,1041,1889
1875
1041
1819
1999,1041
2000,4429
2001,1041
1323
2002,1138,4331
1041,2003
1138,2002
2004,1041
1138,2005
2006,1041
2007,1041
242
2008,2009
2010,1041
2011,1041,1075
2012
1041,2013
1138,2005
2005,1889,1138
2014,1041
1323,1138
2015
1138,2005
1138,2005,4302
2016,1138
1138,2005
2017,1041
1819,1138
1861
1138,2018
1041,2019
2020
2021,1041,2230
2022
2023,1041
1267
1138,2024
1138,2024
2025
2026,1041
2027,1138
1138,2024
2028,1138
1889,1041,1267
1138,2005,3176
2024
2029,1041,4341
2024,1138,4282
2024,1138
1138,1323
2030,3176
2031
2032,3176
2033
2034,2034,1138,1184
2035
2036,1041,2371
2037,2037,1041
2038,1138
1138,2039
2040,1041
2041
2037,1138
1138,2024,2643
1138,1889
2042,1041
2043,1041
2044,1041,4337
2045,1041
2037,1138,1889
2046,2008,1905
2047,4305
2048,4305,4308
1323
2049,1041,2230,4342
2050
1267,2051
2052,1905,2048
2053,1138
2054,1041
2055
1267,2056
2057,2371
1138,2024
2058,4311
2059,1138
2024,1138
1138,2024
2024,1138
1909,1267
2060,1889,1138
1765
1138,2643
2061,4345
1974,1041
2062
1138,2063
2064
1323,4309
2065,4282,1995
2066,1138
2067,1041
2068,1041
2069,1041
1925,1804
2070,1041,1267
2071
1138,2072
2073,1041
2074
1138,2075
2076
1041,2077
1855
2078
1138,2079
65,2080,513
1041,2081,1889,513,4268
2082,2086
727,1110
2083
2084,2086
2085,1138,1889,1995
2086,1889,4411
2087
2088,1041
2089,449
2090,1041
2091,2086,2371
2092,1138
1138,2086
2093,1041
1979,1889,1138,1239
1905,1041
2094,1041
2095,1041,3124
2096,1041
2097,1138
2098,1041
2099,1041
2100,1041
1138,2101
2102,1138
2103,2086
1041,2104
2105,1138
1138,2086
1041,2106
2107,1041
2108,1267
1138,2109
1138,2109
1138,2110,2086
2109,2230
2111,1041
2112,4311
1138,2101,4310
1926,1138
2113,1041,1138
1041,2114
2115,4311
2116,1905,1138
38,1978
1267,2117,4426
2118
1138,2119
1041,2120
1041
2119,4312
1041,2121
2122,1041
2123,2086
2124,2086
1926,1889
2125,1041
858,38
2126
2127
2128,1889
2129,38
2130,1041
2131
1926
2132,38
1889,2075
2133,1041,38
2134,1041
2135,38
38,3107
2135,1041,2328,2328
2136
2137,1041
1760,1267
2138,1041
2139
2117
1267,2064
1526
1138,1526
2140,1041,4306
2141,2008
2142,1889
1413,1041
2143,1041
2064
1041,2119
2144,1041
1041,2145
2146,1041
2147,2153
2148
2149,1041
2150,1041
2086,2117
2151,2152,2153
1138,2117
2153,1041
2154,1041,1138
1526,2086
2155,1138
2156,4312
2157,1041
2117
1889,1926
1138,2158
2159,1041
2160,1138
2086,2086,1889,2671
2161
2162
2163,1041,1239
2164,1041
2117
2165,1041
1889
2166,4311
2167,1041
2168,1041
2169
2170,1041
1138,1832
2171,1041,2328,4360
2172
2173,1889
1138,2174,4314,4315,4316,1043,3605,1638
1942,1138
1041,2175
2174
2176,2086
2177
2178
2179,1041,4378
2180,1041
38,2181
2182,1041
1041,2183,4440
2184,1041,1995
2185,1041,2151
1041,2186
2187,1138
2188,1041,4323
2189
2190,1995
2191
2192,4322
1138,2193
2194,2193
2193
2117,1138
2195,1041,4360
2196,1041,1110
2197,1041
2079
2198,39
2199,1041
2200,1832
2201
2202,1041
2203,1138
2202,1138
2204,1041
2193,2194
2205
2193,1995
2206
2207,1041
2208,1041,2008
2209,1995
2056,1995
2210,1995,2230
2211
2212
2213,1138,1995
2214,2008
1995,1110,1041
1138,1526
1138,1526,2643
2206,1832,2104
2193
2215
2216,1041
2217
2218,2194
2040
2040
1138,2193
2219
2220,1041
2221,1041
2040
2222,1041
2223,1041
1890,2194
2224,1138
2193,2193
2225,1041
2226,1138
2227,1041
2228,1995
2229,1041,4320
2230,1793,1138,1905
2231,4323
2232
2233,1041
1995,2234
2235,2194
2236,1041
2237,1041
2194,2238
1138,2040
1239,1138
2239,1138
2040
2240
38,2241
2242,1041
2040
2243,1041
2244
2245
2246
2245,1041
2104,38
2247,1041,1889
2040
2248,1041
2249
2250,4326
2251,4323
2217
2252,1138,1041
2253,1110
2254,1041
2255,4323
2256,2371
1138,2040
1138,2040
2230,2257
738
2258,1041
2259,1041,38
2104
2260,1041
2104
2261,1138
1889,2104
1138,2104
2056,2056,4419
2262,1041
2263,2264,2153,2671,4423
2265,1041
2266
2267,1041
2268
2261,1995
2269,1110
1041,1637
2270,1041
2271,1041
2272,1041
2273,1041
2274,1041
2275
2276,1041
2277,1041
2278,2194
2279,2230
2280
2281
2282,1995,1041,2329
2283,1041
2193
1889,2104
2163,1041
2284
2285,4328,1041
2286,1041
2287,1041
2288,1041
2289,1041,4329
1995,2290,1889
2291,1995
2292,1041
2158,2158
2293,1041
2294,1041
2295,1041
2296,2253,1041,4330
2104
2297,38,4332
2298,1041
2299
40,2300
2301
2302
1041,2303,1995
1041,2304
2305,38,4384
2306,1995
2307,1041,2104
2308,1041
1863,1863
1041,2303
1889,1897
2309,1041,2309
1995,1897
2310
2311,1041
1995,1897,1041
2312
2313,2230
1889,2104,2104
2314,1041
2315,1041,2230
2316,1041,38
1041,2317,4426
2217,1995,2436
1995,1041,2230
2318,1041
2319,4333,1995
2320,1041
2321,4333
2322,1889
2323,1041,1995,1905
2324
2325
2326,1041
2327,1041
2328,1637
2329,1041,4334
2330,1041
2331,40
2323,1138
2104,2104
2332,1995,1041
2333,1041,4376
2334,1041
1041,2335
2336,1041
1138,2337
2338,1041
2339
1041,2340
2337,1041
2341,1041,4339
1041,2342
2343,4335,1041
2344,1041,4344,4344
2345,4336
2346,1041
1041,2347
2348,1041
1041,2349
1832,2350
2351,1041
2352,1995
1041,2353
2354,1138
1138,2355,38
2356,1041
2357
2358,4383
1041,2359
2360,4339
2361,1041
38,2362
2363,4407,38
2364,1889
2362
1995,1041
2365,1889
1041,2366
2367,1041,2230
2368,4339,1041
2369,2961
1323,1138
2370,1041
2327,1995
2371,2372
2373
2374,1041
2375,1138
2209,2209
2376,4340
2377,1041
2378,1041
1974,1138,2230
1804,1662
2379,1041
2380,1995
2381,1832
2382,1041
2383,1041
2384,1041
2385,1041,2230
2385
2362,38
2386,1041
2387,38
2388,1662
2389,1995
2390,1041
2391,1041
1041,2392
1889,2393,38,2328,1041,38
2394,1041,38
2395,1041
2396,1041
2362,4341
2397,1041
428,1041
2398,1041
1995,1041
2399,1041
2400,4341,38
1281,1041,38
2401,1660,2371
2402,1041
2403
2404,1041,4341
2405,1041
2394,1041
2406,1041,1110
2362,1041
2394,1041,1889
2407,1041
1041,2408
1041,2409,38
2410,1041
2411
2409,1041
2409,1041
2104,4354
2104,2104
1138,2104
2412,1041
2413,1832
577,2104
2414,38
1041,2415
2416,1041,2328,4360
38,2193
2417,1041
2418
38,2419
2420,1834
38,2421
1138,2193
2193,1138
2422
2423,1041
1041,2424
2425,1889,2425
2426,38
2427
2193,2193
2428,1041
2426,1925
2429,1041
1041,2430
2431
2432,1138,1110
2310,38
2433,1041
2434,38,2362
2362,1138
2193,1138
2435,1138
2436
2117,40,1041
2437
2438,1138
1138
2439,2151,1041
2418
2193,38
1138,2193
2440,1041,4346
2441,1889
2421
2442,1995
2443,1138,38
1138,2362
2362,1138
2362,1138,4426
2362,2450
2444,1041
2445,1832
2446,1041,1889
2193,1138
2193
1362,1138
2447,1041,1995
2448,1041
2449,1041
2450,1138
2451,38
2452,38,1044
2453,1041
1138,2369,2369
2454,1041,2328
2008,2979
2193,1138
1138,4456
2455,2193
2456,2230
1889,2456
2457,2436,2961
2362,38
2458,38
38,2459,4396
1138,2460
2461,38,1041
38,2462
1895,1041,38
2463,1041
2464,1834
2193,1138
2465
2466,1041,1889
2467,1995
1889
2468,38
1272,1041
2469
2362
2470,1138
2471,1041,38
2472,1110
2362,38
1110,2473
2362,2785
2474,38
2475,2328
2476,1832,2643
2477,1041,2328,2371
2478,1041
38,284,1041
2479
2480,1041
1138
2362,1138
38,2481
1138,2481,4426
2328
2328
38,2481
2056,1138,38
2481,2328,38
2482,2328
1041,2483,2328
2484,1138,1995
2485,1889
2486
2328,1041,4390,2997
38,1832,2328
1138
2362,1138,38
2487,1041
38,2488,1041
1138,2456
1138,2456,1041
2489
2362,38
2362,38
2362,1138,38
2362
2490,38
1138,2489
2491,1041
2362,1138
2362,1138
2362,1138
2492,1041
2493,38
2362,38
2362,1041
2494,1889
2495,38,1041
2496,1138
2497,1138
2497,1138,38
2498,1138
2499,38
2500,38,4358
2501
2502,1138
2503,38
1041,2504
1041,2505,38
2506,1041,2008
2507,1041,2008,1110
2508,2008
2509,38,4360
1110,2193,1138
2510
1138,38
2450,38
38,2511
38,2362
1323,4352
38
2512
2513,1138
2490
1882,38,4389
2514,38
2515
2515,1041
38,2516
2517,1041
1138,2117
2362
1138,2518
1138,2518
2519,1138
1041,2518
2520,1138
2521,38
1041,2522
2523
1041,2524
2525,1041
2362,1138,38
1138,2362,38
2526,1041,1995
38,2527
2528,38
2529,1832,38
2362,38,38
2193
2104,2104
38,2104
2530
38,2362
2531
2532,1041
38,2516
38,2516,2516
2533
2362,1889,2104
2534,38
38,2104
1138,2104,1889
38,2104,2104
2104,1889,2104
2535,1041
2536,1041
2537,38
2538,1041
2538
2539,1041
2540,1889,1041,2104
2541,2602
1889,2104
1138,2104
1138,2104,2104
2542,1041,2104
1041,2543
1138,2104,2104,2104
2538
2544,1041
2362,1889
2362,1138
1138,2545,38,2104,4358
2546,1041,4357
2104
2547,1041
2543,1138
38,2104,4359,2104
2548
2104,2151,2561
2549
38,2056
2550
2551,1041
1138,2104,1889,4388
2552,1041
2553
2104,2545,1138
2538,1138
2554,1832,2151
2516,2643
2555
2555,4360
1138,2104
1138,2556
2556,1138
2104,2643
2557,2104
2557
2558,4367,38
2545,1832,38
2559
2555
2516
2560,1041
2561,2104
2562,1041
2563,1041
2564,38
2565,1041
2104
2566,1832
2366
2567,4363
2568
1889,2568
2569,2602
7,1041
1041,2570
2571,2371
2572,2371
2573,1995
2574,4364
2573,4369
2575,1995
397,2580,2362,4367
2101,38,2101
1138,2567
2576,1041
2362,4367
2577,1041
2578,2578
38,2579
2579
2580,1041,4447
2362,2561
2581,1832
2582,2580
2583,2583
2579,38
2584,1832
38,2579
2585,38
38,2586
2436,38
2362,38
1041,2587
2588,1832
2566,38
2589,1041
2590,1832,1041
2591,1041
2592,1041
2593,38
2594
2362,4370,38
38,2518
2595
2362,1832,38
2193,2643
1832
2596,2602,38
2597,1041
2598
2599,2602
2600,38
2601,38
2362,38
2362,1832
2602,2602
38,2603
2604,2643
2516,1832
2605,1041
2606,38
38,2607
2607,1041
2608,38
2609,4382
1041,2610
2516,38
2362,1041,2643,3124
2362,1041,4372
2611,2153
2362,2603
2566,38
1832,2603
2362,38
2602,2362
2612,2602
2613,38,2613
2614,2602
2217
2615,1832,38
1995,2616
38,1832
2617
1995,38
2618,1832
2619,1832
2216,1041,38
1041,2620
2621,1041
2622
2623,1041
2624
2625,38
2626
2193,38
2516,1832
2518,449,38
2627,38
2628,1041
2629,38
2630,1662
2626,38
2631,1832,38
2632,38
2633,1041,2613
2634,38
38,2626
2632,38
2635,1041,2613
2636,38,2643
2637,1041
1041,2638,38
2639,1041
2516,38
2640
2641
2642
2643,2516,38
2644,1041,1832
2645,1041,4394
2646,38
2647,38
2648,38,2643
38
2649,1832
1832
2650,1041
2651,1041,38
2516,38
1041,2652
1041,2653
2654,4443
2655
38,2656
1041,2626
2657,2643,1832
1041,2658,2561
2659,38
434
2660,1041
2661,2580
1041,2662,2671
2663,2671,2643
2516,1041
1599
2664,1041
38,2658
2665,2671,2643
2666,39,3053,38
2545,2671
1041,2658
2643,2566
2667,2671,1041
2668,1041
2516,2516
2669,4379,2671,2643
2670,38
7,1041
2516
38,2643
38
1041
38
1041,2671
2671,1041,3246
2672,2671,1041
2673,1832,1041
38,2566
2674,2671
1041,2675
2362,2671,2643
2671,2676,1041
2677,2671,1041
2678,2671
2362,2671,38
2679,2671,38
2671,2676
2675,2675,1832
2680,2671,2775
2681,1041,38
2682,4449
38,2671
2683,38
38,2684
2516,2476
2685,1041,2671
2686,38,1041
2687,2688,2671
2689,1832
2690,38
2691,2671
2362,38
2671,2692
2693
2694,1041
2695,38,2671,38
2695,38
2671,2696,38
2682,1737,38
2697,38
2698,2671
2362,38
2362,2671,38
38,2676
625,2671
1713,38
2699,1041,38,4421
2700,2671
38,2701,2671,2263
2671
38,950
2702,38,2737
2703,2671
2704,38,2671
2671,2705,2705
362,38
2706,2671
2695,38,2705
2701,2671,2687
2362,38
2707,1041
38,2708
38,2652
2709,38,2671
38,2710
2710
2710
2671,2695
2701,2671
1041,2711
2710
2712,2671,2979
2701
2713
2714,2671
2715,38,2671
2716,2671,38
2716,38
2439,1041
2717,2671,38
2718,2701
2701,38
2701,38
2719
2720,38
2721,2263
2722,38
2723,38,2263
38,2705
2724,38
2516,2671,38,2687
2725
38,2704
2726,2671
2727,1041,38
1041,2728
2729
38,2652
2362,38
2362,38
38,2362
2730,38
2730,2671
38,2705,2705
2362,38
2516,2671
2731,38
2362,38
2671,2687
38,2719,2671
2362
2362,38
38,2516,4397
2671,2516
38,2516
2732
2733,2328,2687
2362,1041
2734,1041,2671
2735,38
2736,38
2737,38
2687,2738
1041,2733,38
2739,1041,2775
2193,2671
38,2545
2740,2671
2741
38,2193
38,2193
2742,1832
1041,2743,38
1041,2744
2745,38
2193,2671
2566,2671
1041,2733,38,4416
2746,2671,449,1041,2773
2747,1041
2748,2843
2671,2545,2773
2749,2671
2750
2751,38,4393
1832,2752
1041,2733
2193,1832
2753,1041
2754,1041
2755,2687
2545
2756,1041,2671
38,2701
2757,1041,2671,2687
2758,2671
838
2759
1043,2687,38,2008
2760
2761,1041
2762,2671
38,2762
2671,2701
2671,2763,1041
2764,2762,1041,2671
1041,2765
2766,38
2613,2705
2767,2671,38
1832,2762
2768
2762,2762
2763,1041,2705
1926,1926,2455,4426
2769,2671
2770,38
2771,38
38,2762
2772,2773,38
2773,2762
38,2762,2795
2762
2774,2775
1041,2762
2775,2776,1041
2777
2778,2778
2687,1526
38,2762
2779,38
38,2762
38,2762,4426
38,2193
2780,1041
2781,38
38,2762
2533
2782,2773,2785
2773,2783
38,2784,2785,2784
2785,2786,38,4398
2193,38
1041,2787,2775
2788,2775
2776,1041
2789,2762,38
2566,38
2790,1832
38,2791
2792,2773,38,4400
38,2762,2773
238,1041
2793,4400
2794,4400,38
2795,2762
2647,38,2773,2775
1832,2762
2796,1832,2476
38,2762
2797,38,2795,1041
2762
2795,2798,38
2799,38
38,2798
38,2193
2795,2762
2795,2798
2798,38
38,2800
2801,38,1041
38,2762,2795
2802,2798,38
38,2798
2803
2795,2798
1041,2804
38,2193
2805,38
2806,1832,38
38,2762
2802,38
2362,2795
2807,38,2795,2802
1832,2808,2671
38,2193
2809,2795
2810,38
522,2795
1675,38
2811,38
2812,38
38
38,2813
2814,2795,38
2815,38,2843
2816,38,1110
2354,38
38,2762
2817,1041
2815,38,2843
2818,2795,38
2819,1832,38
1041,2820,2843
38,2762,2843
38,2843
2821,2795,38
2821,1041,38,4402,2843
2822,1110,1041
2820,38
2795,2104,1832,38,2104
2821,1041,38,1110
2823,38,1110
1041,2516,4404,1110
2824,38
2825,1041,4403,1110
2826
2827,1041,1110
2828,1110,4405,4405
38,2829,1041,4405
2830,1041
38,2831
2832,1041
2798,2798,2455
2798,2798,38
2833,1041
2834,1041,38
2795,2835
38,2829
2829,2455
2836,2795,38
38,2762
2455,2762,4406
2516,38
2837,38
2838,38
2795,2762
2829,2795
2193
2829
2193,38
38,2762
2762
38,2839,1041,38
2795,2762
2840,2455
2841
2795,2762
38,740
2842,1041
2843,2843
2844,38
2845,1041
2846
2847,1041
1832,2798,2798
38,2762
238,38
2848,38,1041
2795,2762,38,2843
2849,2671,4410
2795,2762
2795,2762
38,2762
2850,2795
2851,38,1041
2843,38
2829,38
38,2762
38,2852,2852
38,2762,2795
38,2566
2516,2516,1832
2795,2762,38
2853,38
38,2762
2854,38
2855,38
2856,38
2857
2858,38,4412
38,2795
1041,2859
38,2829
2860,2795
2861,1041
38,2862,2795
2843,2843
38,2862
2795,2829
38,2863
38,2829,4426
2864,1041
2362,38
2829
2829
2865
2866,2795
38,2545
2671,2867,38
2868,38
2869,38
2870,38,1041,2671
1041,2671
38
38,2871
38,2872,2795
38,1862
1862,4413
2873,38
2193,38,2979
2874,1832,38,3218
2875,38
2705,38
2863,38
2876,2436,568,4436,4437,2961
2877,2671,38
2878,2795,38
2879,1041
2876
2880
38,2881
2882
2545,38
2883,38
2884,1041
2885,38,1041
2886,38
2887,1041
2888,38
2889,1863,1863
2890,38
2891
1526,38
2892
2893,38
2894,38
38,2895
2896,1041
38,2897
1041,2897,38
2898,38
2899,38
1041
2900
2901,1041
2902,38
38,2897
2903,1041
38,2897
2856,38
2904,1041
1041,2905,568
2906,38
2516,55
38,2907
2908,38,568
568,2909,38
2910,1041
2911
2738,4418,38
2912,1041
568
38,2913,2671,1041
38,2897
38
2914,38
2654,38
2915,38
2914,568,38
2914,38
568,2578
38,2916
2917,38
2918,1041
2894,38,568
2919,1041
38,2920
38,2894
38,2762
2921,2923
38,2894
2922,2923,2979
2923
2924,4420
2894,38
2925,38
2436
38,2909
38,2894
2926,4422,3113
2927,38
38,2516
2928,1041
2929,1832
38,2930
1041,2931
38,2931
38,2193
38,2436
38,2932
2933,1041
175,38,2841
2795,38,2671,4424
2934,38
2935,1041,38
2936,38,1041
2795,2937,38
2938,38
2939,38
2940,1041,38
2941,2795,38
2942,1041
1041,2943
2944
38,2897
38,2907,1832
38,2945
38,2946
1041,2947,38
2948
2949,1041
1041,1751
38,2950
38,2951
2795,2951,38
1832,2950
38
2952,38
38,2951
2953,1041,4425
1041,2946,38
2954,1041,4427,38
2955,1041
2956
38,2951,4426
2795,2951
1041,2957,4426
38,2951,4426,4427
2958,1041,38,2795
2959,1041,38
1832,2950,38
2960,2841,1041
2961,2954,1041,2490
2962,38
2963
2964,2976
38,2957
2965
38,2966
1041,2957
38,2967,2976,2795
2436,38
2968,1041
2795,2969
2970,2961
38,2969
2971,38
38,2493
38,2762
2972,2979
38,2762
2973,38
2974,38
38,2762
38,2975
2976,2762
38,2977,1041
2795,2762,38
38,2762,2795
2978,38
2978,38
2979,2980
447,38
38
38,2981,2979
2982,1041,2976
1041,2983,2979
2903,38
2984,38,1041
2985,38,2979
2986
2436,2979
2987,1041,38
2988,3113
1041,2987
2989,38,1041
2990,2153
2991,38
2992,1041,38
175,1041,2773
2993,38
2994,1041
2951,38,3113
2951,3176
38,2995
38,2897
38,2995
2996,38
2153,2647,38,1041
2647,1832
2997,1041,38
1041,2998,38
38,2909
2999,1041,38
1041,2998,38
3000
3001,38
3002,1041,38
38,3003,1041
3004
3005
3004,2795
3004,2795
3006,1041,38
2795,3004
3004,1041,38
3007,38
3004,2795
1041,2954
1041,3004
2795,3004,38
3004,2795,38
3008,4430
3009,2490,38
3010,38
3004,38
1041,3004
3004,1041,38
3011,1041
38,2863
2881
2795,3004
38,3004,1041
38,2936,1041
3004,38
3004,2795,38
3012
3004,38
2863
3013,38,2795
3004,38
3014,1041,38
1041,3015
2795,3016,3113
3017,2795,1041,38
2863,38
2863,3028,38
2863,38,4432
3018
3016,1041,38
3019,1041,3124
3016,1041,38
3020,38
38,3016,1041
3021,38
3022
3023,1041
3024,38,1041
3025,1041
3026,1116,3113,1041
3027,38
3028
3029,38
3030,1041
38,3031
3032,2785,38
3033,1041,38
3034,1041,38
3035
3034,38,1041
3009,1041
3009,4431
3009,2795,3035
38,3036
38,3037
3038,2795
1041,2957,38
3039
2680,1041,38
38,3036
3040,38
3009,1041,38
2795,3041
3042,1041
3043
3044,38
3045
3046,1041
1041,3047,38
3048,4433
3049
3050,38
38,3051
2863,38
1041,2821
38,2909
3026,1041,38
3052,1041
3053,1041
38,3054,1041
3055,38
38,3056
1041,3049,38
2795,3051,1041
2795,3057
3058,38
38,3059
38,3054,1041
1041,3057,38
38,3043,1041
38,1342
3060,1041
3061,38
38,3062
38,2193
3063,38
3064,38
38,2193
38,1638
2863,38,2863
3065,1041
38,3066
38,3067
38,3066,1041
3068,1041
3069,38,1041
3016,38
3070
1041,2957,38
3071,1041,1638
3072,1041,38
1041,3016
38,2917
2795,2917
3073
3074
1041,3074
38,3043
3075,4435
38,2586
3076,1041
3077
1041,3043
2946,1041,38
38,3078
2863,38
2688,38
3079,1041
3073,1041,3113
3080,38,1041
3081
3082,1041
3083,38
38,3084
38,1638
38,1638
38,1638
2795,1638,38
38,1638
3085,1041
38,2946
1041,3043
2795,2946,1041
2946,1041
38,3043
3086,38
38,3043
3087,4437
38,3087
2795,2946
38,3088
3089,38,1041
2946,1041
38,3090
3091,1041
38,3043,1041
38,2909,1041,2795
38,3043
2795,3043,38
2578,1041,38
2795,3092,3107
38,3043
2795,2946
1041,3043
1041,3043
3093,38
2795,2946
2946
38,3043,1041,2578
3094,38
3094,2795,4451
3095,38
3096,38,1041
38,2863,2863
3097,38
1041,3098
1041,1832
38,3016
38,3016
3099
2647,38
2863,38
38,3057,3107
3100,3107
38,3057
1041,3101
2795,3057
38,3037
38,3101,1041
3102,1041,3107
3103
38,3043,3107
38,3104
38,3104
38,3037
3105,38
3034
3034
38,3106
3034,3124
1638,3034,38
3107,2263
3108,1041
3109,38,1041,3124,3109
3110,1041,3057
2737,2578
2263,2578,38
3034,38,1041,4444
38,3034,1638
3034,38,3107
3034,3107,38
3111,38
38,3034
3034,1041,38
38,3112,1041
38,3034,1041
1041,3034,38
1041,3034
3034,38,3107
3034,38,3107
2863
3113,38,3107
3034,38
2795,3107,2263
3034,3107,1041,38,2263
3114,1041,38,3107
3115,3124
1041,3116
38,3034,1638
38,3117,3107
3118,38,3124
3119,1041
3120,1041
3121,38
1041,3116
1041,3122
3123
1041,3043,3124
3124,3043,38,1041
2795,2954,3124
3125
3126
1041,3116
38,3127
38,3128,3124
3129
38
1041,3124
3124,3034,1041
1041,2957
38,3034,1041
38,3034,3124
3034,38
3034,2795,1041
38,3116,1041
38,3034
1041,3034
3034,38,3124
1041,3034,38
3130,38,1041
2795,3116,3124,38
3131,38
3034
38,3132
38,3034,1041
3133,38
38,2578
38,3116,1041
38,3043
3134,38
3134,3134,4457
3117,38,2795
3134,38,2795
2923,38,1041
3135,38
3057,2795
2795,2954
3136,38
3057
3057,1478
38,2564
1041,3034
3137,38
2863,38
3138,1041,38
38,2578,1041
38,3116,1041
38,3016
3139,38
38,3140
3130,1041
3141,38
38,3142,1041
3143,38
3043,1041
2795,3107
38,3144,3144
3145
2957
3146,38
3147,38,2775
3057,2795
3148,38
38,3149
38,3150
3151
3152
2578,1041,38
2578
3153,38,1041
38,3034
3154,38,1041
3034
3155,38
3156,38
3051,1041
3155,1041
38,3034
38,3034
3034,2795
3157,1041
38,3158
2795,3150
3159,2795
3150,38
3034,38
3034,38
3034,38
38,2578
3034
3034,1041
3150
38,3034
2578,38
3034,1041,38
38,3034
3034,38
1041,3034
1041,3034
3160,38
3034,1041
38,3034
2795,3034
3161,38
3130,1041,38
38,3034
38,3034
1041,2746
38,3034
38,3034
3034
38,3117
3162,38,1041
3034
38,2967
38,3034,1041
2795,3034,38
38,2578
38,3034
1041,2578
38,3034,1041
38,1638,1638
38,2578
3034,38,2909
38,3034
38,3034
38,2578
38,3034
1041,3034
38,3034
3163,2795
1041,3034,38
3149,38
38,3034
38,3034
3034
3164,38
1638,3034
3034
3165
3166,38
38,3165,2795,1638
38,3165
38,3165
38,3165
38,2578
3167
38,3165
3165,38
3165,38
3168,1041
38,3165
38,3165
3165
38,3051
38,3169
38,3170
3170,38
3165,2795
3170,38
38,2795
2795,3165
1041,3170,38
38,2967
3165,38
38,3171
38,830
3172,3173
38,2967
38,3107
38,3165
38,2909,2795
38,3165,2795
3174,38
3122,38
38,2578
1041,3175,38
3176,3107
3177,1041
1041,3073
3073,1041
3178,38
3178,38,1041
3179
2909,3107
3180,38,1041
3181,1041
38,3182
3183
3051
3051,3051
38,2578
3107,3104
2578,3107,38
38,2578
3104
3184,3185,38
1041,3012,38
3186,38
3186,38
3187,1041,3197
3188
3012,38,1041
3189
3069,1041
3012,1041,38
3190,1041
38,3150
1041,3191
1041,3191
3189,38
38,3012
1041,3192
3193,38,1041
3104,38
3104,38
3194,1041
3195,1041,38
3196,38,3107
2909,1041
3197,38,1041
38,3197,3107
1041,3197
3197,38,2795
3198,2795
2795,3197,1041,38
7,38
3199,38
1041,3051
1041,3171
2909,38
38,3200,1041
3201,1041
3202,1041
38,3051
38,3203
3204,38
1041,3034
3034,1041,4448
3205,38,1041
3149,3176,1041
3206,38
1041,3012,38
38,3207
38,3012
38,3012
3207
3208,38
38,3104
38,3012
3209,1041
2578,1041,38
1041,3209
3210,38
3211
3104,3210
3104,3210,38
3212,1041
3213,1041
38,3214
38,3215,1041
3104,38
3216,1041,3215
3214,1041
1041,3217
38,3214
3218,1041,3218
1041,3215
3210,3214,1041
38,3219,1041
3220
3214,38
3210,3217,1041
1041,3214
3221,1041
3222,38
3223,1041
1041,3217
1041,3217
3210
3223
38,3217,1041
1041,3217,38
1041,3217,38
1041,3217
1041,3224
38,3225
2923,38,2923
3226,1041
3227,38
3034,449
38,3034,1041
3227,1041
38,3217
3228,1041,38
3073,38,4455
1041,3051
1041,3229
1041,3034
3230,1041
3231,38,3231
3043
3232,1041,4454
2578,1041
3227
1041,3016,38
38,2578
3233,1041
38,2578
1041,3234,38
3235
3228,1041,4450
1041,3236
3237,38
3043,38
3231
3231
1041,3238
3239,1041,38
3240,1041
3239,38
3241,38,1041
3242,38,1041
3243,1041,38
38,3244
3245
3246
3179
3247
2909,38,3107
2637,38,3246
1637
3248
3249,1041
3250,38
1041,2578,2578
3251,38
3252,38,4452
38,3104
3104,38
3253,1041,38
3254,38
2637,1041,38
3255
3210,38
3256,38
3257
2578,38
1041,3258,38
2637,1041
38,3210
3259,38
3260,38
3261,3107
2578
3107
3210,3210
3107
3210
3210
1041,3262
3104,38,3210,4456
3263,1041
3264,1041,38
3261,4456
1041,3265,38
38,3210
3266,3210
3267
3268
3210
3261
3261,1041
3034,3210,1041
3114
3114,1041
3269,38
3270,38
3271,1041
2578
3272,38
3273,3210
3034,1041
3034,1041,38
3034
3155
3274
